Date:	2019-10-24
Section:	Servo

Timestamps	Bluefors Temp. (K)	Lakeshore Temp. (K)

1572301763.0	0.0446			0.0500
1572301823.0	0.0446			0.0500
1572301883.0	0.0446			0.0500
1572301943.0	0.0446			0.0500
1572302003.0	0.0446			0.0500
1572302063.0	0.0446			0.0500
1572302124.0	0.0446			0.0500
1572302184.0	0.0446			0.0500
1572302244.0	0.0446			0.0500
1572302304.0	0.0446			0.0500
1572302364.0	0.0446			0.0500
1572302424.0	0.0446			0.0500
1572302484.0	0.0446			0.0500
1572302544.0	0.0446			0.0500
1572302604.0	0.0446			0.0500
1572302664.0	0.0446			0.0500
1572302724.0	0.0446			0.0500
1572302784.0	0.0446			0.0500
1572302845.0	0.0446			0.0500
1572302905.0	0.0446			0.0500
1572302965.0	0.0446			0.0500
1572303025.0	0.0446			0.0500
1572303085.0	0.0446			0.0500
1572303145.0	0.0446			0.0500
1572303205.0	0.0446			0.0500
1572303265.0	0.0446			0.0500
1572303325.0	0.0446			0.0500
1572303385.0	0.0446			0.0500
1572303446.0	0.0446			0.0500
1572303506.0	0.0446			0.0500
1572303566.0	0.0446			0.0500
1572303626.0	0.0446			0.0499
1572303686.0	0.0446			0.0500
1572303746.0	0.0447			0.0500
1572303806.0	0.0447			0.0500
1572303866.0	0.0447			0.0500
1572303926.0	0.0447			0.0500
1572303986.0	0.0447			0.0500
1572304046.0	0.0447			0.0500
1572304106.0	0.0447			0.0500
1572304166.0	0.0447			0.0500
1572304227.0	0.0447			0.0500
1572304287.0	0.0447			0.0500
1572304347.0	0.0447			0.0500
1572304407.0	0.0447			0.0500
1572304467.0	0.0447			0.0500
1572304527.0	0.0447			0.0500
1572304587.0	0.0447			0.0500
1572304647.0	0.0447			0.0500
1572304707.0	0.0447			0.0500
1572304767.0	0.0447			0.0500
1572304827.0	0.0447			0.0500
1572304887.0	0.0447			0.0500
1572304948.0	0.0447			0.0500
1572305008.0	0.0447			0.0500
1572305068.0	0.0447			0.0500
1572305128.0	0.0447			0.0500
1572305188.0	0.0447			0.0500
1572305248.0	0.0447			0.0500
1572305308.0	0.0447			0.0500
1572305368.0	0.0447			0.0500
1572305428.0	0.0447			0.0500
1572305488.0	0.0447			0.0500
1572305548.0	0.0447			0.0500
1572305608.0	0.0447			0.0500
1572305669.0	0.0447			0.0500
1572305729.0	0.0447			0.0500
1572305789.0	0.0447			0.0500
1572305849.0	0.0447			0.0500
1572305909.0	0.0447			0.0500
1572305969.0	0.0447			0.0500
1572306029.0	0.0447			0.0500
1572306089.0	0.0447			0.0500
1572306149.0	0.0447			0.0500
1572306209.0	0.0447			0.0500
1572306269.0	0.0447			0.0500
1572306329.0	0.0447			0.0500
1572306389.0	0.0447			0.0500
1572306449.0	0.0447			0.0500
1572306510.0	0.0447			0.0500
1572306570.0	0.0447			0.0500
1572306630.0	0.0447			0.0500
1572306690.0	0.0447			0.0500
1572306750.0	0.0447			0.0500
1572306810.0	0.0447			0.0500
1572306870.0	0.0447			0.0500
1572306930.0	0.0447			0.0500
1572306990.0	0.0447			0.0500
1572307050.0	0.0447			0.0500
1572307110.0	0.0447			0.0500
1572307171.0	0.0447			0.0500
1572307231.0	0.0447			0.0500
1572307291.0	0.0447			0.0500
1572307351.0	0.0447			0.0500
1572307411.0	0.0447			0.0500
1572307471.0	0.0447			0.0500
1572307531.0	0.0447			0.0500
1572307591.0	0.0447			0.0500
1572307651.0	0.0447			0.0500
1572307711.0	0.0447			0.0500
1572307771.0	0.0447			0.0500
1572307831.0	0.0447			0.0500
1572307892.0	0.0447			0.0500
1572307952.0	0.0447			0.0500
1572308012.0	0.0447			0.0500
1572308072.0	0.0447			0.0500
1572308132.0	0.0447			0.0500
1572308192.0	0.0447			0.0500
1572308252.0	0.0447			0.0500
1572308312.0	0.0447			0.0500
1572308372.0	0.0447			0.0500
1572308432.0	0.0447			0.0500
1572308493.0	0.0447			0.0500
1572308553.0	0.0447			0.0500
1572308613.0	0.0447			0.0500
1572308673.0	0.0447			0.0500
1572308733.0	0.0447			0.0500
1572308793.0	0.0447			0.0500
1572308853.0	0.0447			0.0500
1572308913.0	0.0447			0.0500
1572308973.0	0.0447			0.0500
1572309033.0	0.0447			0.0500
1572309093.0	0.0447			0.0500
1572309153.0	0.0447			0.0500
1572309214.0	0.0447			0.0500
1572309274.0	0.0447			0.0500
1572309334.0	0.0447			0.0500
1572309394.0	0.0447			0.0500
1572309454.0	0.0447			0.0500
1572309514.0	0.0447			0.0500
1572309574.0	0.0447			0.0500
1572309634.0	0.0447			0.0500
1572309694.0	0.0447			0.0500
1572309754.0	0.0447			0.0500
1572309814.0	0.0447			0.0500
1572309875.0	0.0447			0.0500
1572309935.0	0.0447			0.0500
1572309995.0	0.0447			0.0500
1572310055.0	0.0447			0.0500
1572310115.0	0.0447			0.0500
1572310175.0	0.0447			0.0500
1572310235.0	0.0447			0.0500
1572310295.0	0.0447			0.0500
1572310355.0	0.0447			0.0500
1572310415.0	0.0447			0.0500
1572310475.0	0.0447			0.0500
1572310535.0	0.0447			0.0500
1572310596.0	0.0447			0.0500
1572310656.0	0.0447			0.0500
1572310716.0	0.0447			0.0500
1572310776.0	0.0447			0.0500
1572310836.0	0.0447			0.0500
1572310896.0	0.0447			0.0500
1572310956.0	0.0447			0.0500
1572311016.0	0.0447			0.0500
1572311076.0	0.0447			0.0500
1572311136.0	0.0447			0.0500
1572311196.0	0.0447			0.0500
1572311256.0	0.0447			0.0500
1572311316.0	0.0447			0.0500
1572311377.0	0.0447			0.0500
1572311437.0	0.0447			0.0500
1572311497.0	0.0447			0.0500
1572311557.0	0.0447			0.0500
1572311617.0	0.0447			0.0500
1572311677.0	0.0447			0.0500
1572311737.0	0.0447			0.0500
1572311797.0	0.0447			0.0500
1572311857.0	0.0447			0.0500
1572311917.0	0.0447			0.0500
1572311977.0	0.0447			0.0500
1572312037.0	0.0447			0.0500
1572312097.0	0.0447			0.0500
1572312158.0	0.0447			0.0500
1572312218.0	0.0447			0.0500
1572312278.0	0.0447			0.0500
1572312338.0	0.0447			0.0500
1572312398.0	0.0447			0.0500
1572312458.0	0.0447			0.0500
1572312518.0	0.0447			0.0500
1572312578.0	0.0447			0.0500
1572312638.0	0.0447			0.0500
1572312698.0	0.0447			0.0500
1572312758.0	0.0447			0.0500
1572312818.0	0.0447			0.0500
1572312878.0	0.0447			0.0500
1572312939.0	0.0447			0.0500
1572312999.0	0.0447			0.0500
1572313059.0	0.0447			0.0500
1572313119.0	0.0447			0.0500
1572313179.0	0.0447			0.0500
1572313239.0	0.0447			0.0500
1572313299.0	0.0447			0.0500
1572313359.0	0.0447			0.0500
1572313419.0	0.0447			0.0500
1572313479.0	0.0447			0.0500
1572313539.0	0.0447			0.0500
1572313599.0	0.0447			0.0500
1572313659.0	0.0447			0.0500
1572313720.0	0.0447			0.0500
1572313780.0	0.0447			0.0500
1572313840.0	0.0447			0.0500
1572313900.0	0.0447			0.0500
1572313960.0	0.0447			0.0500
1572314020.0	0.0447			0.0500
1572314080.0	0.0447			0.0500
1572314140.0	0.0447			0.0500
1572314200.0	0.0447			0.0500
1572314260.0	0.0447			0.0500
1572314320.0	0.0447			0.0500
1572314381.0	0.0447			0.0500
1572314441.0	0.0447			0.0500
1572314741.0	0.0447			0.0500
1572314801.0	0.0447			0.0500
1572314862.0	0.0447			0.0500
1572315162.0	0.0447			0.0500
1572315222.0	0.0447			0.0500
1572315282.0	0.0447			0.0500
1572315342.0	0.0447			0.0500
1572315403.0	0.0447			0.0500
1572315463.0	0.0447			0.0500
1572315583.0	0.0447			0.0500
1572315643.0	0.0447			0.0500
1572315703.0	0.0447			0.0500
1572315763.0	0.0447			0.0500
1572315823.0	0.0447			0.0500
1572315883.0	0.0447			0.0500
1572315943.0	0.0447			0.0500
1572316004.0	0.0447			0.0500
1572316064.0	0.0447			0.0500
1572316124.0	0.0447			0.0500
1572316184.0	0.0447			0.0500
1572316244.0	0.0447			0.0500
1572316364.0	0.0447			0.0500
1572316425.0	0.0447			0.0500
1572316485.0	0.0447			0.0500
1572316545.0	0.0446			0.0500
1572316605.0	0.0447			0.0500
1572316665.0	0.0447			0.0500
1572316725.0	0.0447			0.0500
1572316785.0	0.0447			0.0500
1572316845.0	0.0447			0.0500
1572316906.0	0.0447			0.0500
1572317026.0	0.0447			0.0500
1572317086.0	0.0447			0.0500
1572317146.0	0.0447			0.0500
1572317206.0	0.0446			0.0500
1572317266.0	0.0447			0.0500
1572317326.0	0.0447			0.0500
1572317386.0	0.0447			0.0500
1572317447.0	0.0447			0.0500
1572317507.0	0.0447			0.0500
1572317567.0	0.0447			0.0500
1572317868.0	0.0461			0.0550
1572317928.0	0.0461			0.0550
1572317988.0	0.0461			0.0551
1572318048.0	0.0461			0.0550
1572318108.0	0.0461			0.0550
1572318168.0	0.0461			0.0550
1572318228.0	0.0461			0.0550
1572318288.0	0.0461			0.0550
1572318348.0	0.0462			0.0550
1572318408.0	0.0461			0.0550
1572318468.0	0.0461			0.0550
1572318529.0	0.0461			0.0550
1572318649.0	0.0462			0.0550
1572318709.0	0.0461			0.0550
1572318769.0	0.0461			0.0550
1572318829.0	0.0461			0.0549
1572318889.0	0.0461			0.0550
1572318949.0	0.0461			0.0550
1572319009.0	0.0461			0.0550
1572319070.0	0.0461			0.0550
1572319130.0	0.0462			0.0550
1572319190.0	0.0461			0.0550
1572319250.0	0.0462			0.0550
1572319310.0	0.0462			0.0550
1572319430.0	0.0462			0.0550
1572319490.0	0.0462			0.0550
1572319550.0	0.0461			0.0550
1572319611.0	0.0461			0.0550
1572319671.0	0.0461			0.0550
1572319731.0	0.0461			0.0550
1572319791.0	0.0461			0.0550
1572319851.0	0.0462			0.0550
1572319911.0	0.0462			0.0550
1572319971.0	0.0462			0.0550
1572320031.0	0.0462			0.0550
1572320091.0	0.0462			0.0550
1572320212.0	0.0462			0.0550
1572320272.0	0.0464			0.0550
1572320512.0	0.0475			0.0600
1572320572.0	0.0476			0.0600
1572320633.0	0.0476			0.0600
1572320693.0	0.0476			0.0600
1572320753.0	0.0476			0.0600
1572320813.0	0.0476			0.0600
1572320873.0	0.0476			0.0600
1572320933.0	0.0476			0.0600
1572321053.0	0.0476			0.0600
1572321113.0	0.0476			0.0600
1572321174.0	0.0476			0.0600
1572321234.0	0.0476			0.0600
1572321294.0	0.0476			0.0599
1572321354.0	0.0476			0.0600
1572321414.0	0.0476			0.0600
1572321474.0	0.0476			0.0600
1572321534.0	0.0476			0.0600
1572321594.0	0.0476			0.0600
1572321654.0	0.0476			0.0600
1572321714.0	0.0476			0.0600
1572321835.0	0.0476			0.0600
1572321895.0	0.0476			0.0600
1572321955.0	0.0476			0.0600
1572322015.0	0.0476			0.0600
1572322075.0	0.0476			0.0600
1572322135.0	0.0476			0.0600
1572322195.0	0.0476			0.0600
1572322255.0	0.0476			0.0600
1572322315.0	0.0476			0.0600
1572322375.0	0.0476			0.0600
1572322496.0	0.0476			0.0600
1572322556.0	0.0476			0.0600
1572322616.0	0.0476			0.0600
1572322676.0	0.0476			0.0600
1572322736.0	0.0476			0.0600
1572322796.0	0.0476			0.0600
1572322856.0	0.0476			0.0600
1572322916.0	0.0476			0.0600
1572323157.0	0.0491			0.0650
1572323217.0	0.0492			0.0650
1572323277.0	0.0492			0.0650
1572323337.0	0.0492			0.0650
1572323397.0	0.0492			0.0650
1572323457.0	0.0492			0.0650
1572323517.0	0.0492			0.0650
1572323577.0	0.0492			0.0650
1572323638.0	0.0492			0.0651
1572323698.0	0.0492			0.0650
1572323758.0	0.0492			0.0650
1572323818.0	0.0492			0.0650
1572323878.0	0.0492			0.0650
1572323938.0	0.0492			0.0650
1572323998.0	0.0492			0.0650
1572324119.0	0.0492			0.0650
1572324179.0	0.0492			0.0650
1572324239.0	0.0492			0.0650
1572324299.0	0.0492			0.0650
1572324359.0	0.0492			0.0650
1572324419.0	0.0492			0.0650
1572324479.0	0.0492			0.0650
1572324539.0	0.0492			0.0650
1572324600.0	0.0492			0.0650
1572324660.0	0.0492			0.0650
1572324720.0	0.0492			0.0650
1572324780.0	0.0492			0.0650
1572324900.0	0.0492			0.0650
1572324960.0	0.0492			0.0650
1572325020.0	0.0492			0.0650
1572325081.0	0.0492			0.0651
1572325141.0	0.0492			0.0650
1572325201.0	0.0492			0.0650
1572325261.0	0.0492			0.0650
1572325321.0	0.0492			0.0650
1572325381.0	0.0492			0.0650
1572325441.0	0.0492			0.0650
1572325501.0	0.0492			0.0650
1572325561.0	0.0492			0.0650
1572325862.0	0.0510			0.0701
1572325922.0	0.0510			0.0700
1572325982.0	0.0510			0.0699
1572326042.0	0.0510			0.0700
1572326102.0	0.0510			0.0700
1572326162.0	0.0510			0.0700
1572326223.0	0.0510			0.0700
1572326283.0	0.0510			0.0700
1572326343.0	0.0510			0.0700
1572326403.0	0.0510			0.0700
1572326523.0	0.0510			0.0700
1572326583.0	0.0510			0.0700
1572326643.0	0.0510			0.0700
1572326704.0	0.0510			0.0700
1572326764.0	0.0510			0.0700
1572326824.0	0.0510			0.0700
1572326884.0	0.0510			0.0700
1572326944.0	0.0510			0.0700
1572327004.0	0.0510			0.0700
1572327064.0	0.0510			0.0700
1572327124.0	0.0510			0.0700
1572327184.0	0.0510			0.0700
1572327305.0	0.0510			0.0700
1572327365.0	0.0510			0.0700
1572327425.0	0.0510			0.0700
1572327485.0	0.0510			0.0700
1572327545.0	0.0510			0.0700
1572327605.0	0.0510			0.0700
1572327665.0	0.0510			0.0700
1572327725.0	0.0510			0.0700
1572327786.0	0.0510			0.0700
1572327846.0	0.0510			0.0700
1572327906.0	0.0510			0.0700
1572327966.0	0.0510			0.0700
1572328026.0	0.0510			0.0700
1572328086.0	0.0510			0.0700
1572328146.0	0.0510			0.0700
1572328206.0	0.0510			0.0700
1572328266.0	0.0510			0.0700
1572328507.0	0.0528			0.0750
1572328567.0	0.0529			0.0750
1572328627.0	0.0529			0.0750
1572328687.0	0.0529			0.0750
1572328747.0	0.0529			0.0750
1572328807.0	0.0529			0.0750
1572328927.0	0.0529			0.0751
1572328987.0	0.0529			0.0750
1572329048.0	0.0530			0.0750
1572329108.0	0.0529			0.0750
1572329168.0	0.0529			0.0750
1572329228.0	0.0530			0.0750
1572329288.0	0.0529			0.0750
1572329348.0	0.0530			0.0750
1572329408.0	0.0530			0.0750
1572329468.0	0.0529			0.0750
1572329589.0	0.0530			0.0749
1572329649.0	0.0530			0.0750
1572329709.0	0.0529			0.0750
1572329769.0	0.0530			0.0750
1572329829.0	0.0529			0.0750
1572329889.0	0.0529			0.0750
1572329949.0	0.0529			0.0750
1572330009.0	0.0529			0.0750
1572330069.0	0.0529			0.0750
1572330130.0	0.0529			0.0750
1572330190.0	0.0529			0.0750
1572330250.0	0.0529			0.0749
1572330370.0	0.0529			0.0750
1572330430.0	0.0529			0.0750
1572330490.0	0.0529			0.0751
1572330550.0	0.0529			0.0750
1572330610.0	0.0529			0.0750
1572330671.0	0.0529			0.0750
1572330731.0	0.0529			0.0750
1572330791.0	0.0529			0.0751
1572330851.0	0.0529			0.0750
1572330911.0	0.0530			0.0750
1572331212.0	0.0550			0.0800
1572331272.0	0.0550			0.0800
1572331332.0	0.0550			0.0800
1572331392.0	0.0550			0.0800
1572331452.0	0.0550			0.0801
1572331512.0	0.0550			0.0801
1572331572.0	0.0550			0.0800
1572331632.0	0.0550			0.0800
1572331692.0	0.0550			0.0800
1572331753.0	0.0550			0.0800
1572331813.0	0.0551			0.0800
1572331873.0	0.0550			0.0800
1572331993.0	0.0550			0.0800
1572332053.0	0.0550			0.0800
1572332113.0	0.0550			0.0800
1572332173.0	0.0550			0.0800
1572332233.0	0.0550			0.0800
1572332294.0	0.0550			0.0800
1572332354.0	0.0551			0.0799
1572332414.0	0.0550			0.0801
1572332474.0	0.0550			0.0800
1572332534.0	0.0550			0.0799
1572332594.0	0.0550			0.0800
1572332654.0	0.0550			0.0800
1572332774.0	0.0550			0.0800
1572332835.0	0.0550			0.0800
1572332895.0	0.0550			0.0800
1572332955.0	0.0550			0.0800
1572333015.0	0.0550			0.0800
1572333075.0	0.0550			0.0800
1572333135.0	0.0550			0.0800
1572333195.0	0.0550			0.0800
1572333255.0	0.0550			0.0800
1572333315.0	0.0550			0.0800
1572333376.0	0.0550			0.0800
1572333436.0	0.0550			0.0801
1572333556.0	0.0550			0.0800
1572333616.0	0.0553			0.0800
1572333856.0	0.0573			0.0850
1572333916.0	0.0573			0.0851
1572333977.0	0.0573			0.0850
1572334037.0	0.0574			0.0851
1572334097.0	0.0574			0.0850
1572334157.0	0.0574			0.0850
1572334217.0	0.0574			0.0850
1572334277.0	0.0573			0.0850
1572334397.0	0.0573			0.0850
1572334458.0	0.0573			0.0850
1572334518.0	0.0573			0.0850
1572334578.0	0.0574			0.0850
1572334638.0	0.0574			0.0850
1572334698.0	0.0574			0.0850
1572334758.0	0.0573			0.0850
1572334818.0	0.0574			0.0850
1572334878.0	0.0573			0.0850
1572334938.0	0.0574			0.0850
1572335059.0	0.0574			0.0850
1572335119.0	0.0574			0.0850
1572335179.0	0.0573			0.0850
1572335239.0	0.0574			0.0851
1572335299.0	0.0573			0.0849
1572335359.0	0.0574			0.0851
1572335419.0	0.0574			0.0850
1572335479.0	0.0574			0.0850
1572335539.0	0.0573			0.0849
1572335599.0	0.0573			0.0851
1572335659.0	0.0573			0.0850
1572335719.0	0.0574			0.0850
1572335840.0	0.0574			0.0850
1572335900.0	0.0574			0.0850
1572335960.0	0.0574			0.0850
1572336020.0	0.0574			0.0850
1572336080.0	0.0573			0.0850
1572336140.0	0.0574			0.0850
1572336200.0	0.0574			0.0850
1572336260.0	0.0574			0.0850
1572336501.0	0.0596			0.0900
1572336561.0	0.0597			0.0900
1572336681.0	0.0597			0.0900
1572336741.0	0.0597			0.0900
1572336802.0	0.0597			0.0900
1572336862.0	0.0597			0.0900
1572336922.0	0.0597			0.0901
1572336982.0	0.0597			0.0900
1572337042.0	0.0597			0.0899
1572337102.0	0.0597			0.0900
1572337162.0	0.0597			0.0900
1572337222.0	0.0597			0.0901
1572337282.0	0.0597			0.0900
1572337342.0	0.0597			0.0900
1572337463.0	0.0597			0.0900
1572337523.0	0.0597			0.0900
1572337583.0	0.0597			0.0900
1572337643.0	0.0597			0.0900
1572337703.0	0.0597			0.0900
1572337763.0	0.0597			0.0900
1572337823.0	0.0597			0.0900
1572337883.0	0.0597			0.0900
1572337943.0	0.0597			0.0899
1572338004.0	0.0597			0.0899
1572338064.0	0.0597			0.0900
1572338124.0	0.0597			0.0901
1572338244.0	0.0597			0.0900
1572338304.0	0.0597			0.0900
1572338364.0	0.0598			0.0901
1572338424.0	0.0597			0.0901
1572338484.0	0.0597			0.0900
1572338545.0	0.0597			0.0901
1572338605.0	0.0597			0.0899
1572338665.0	0.0597			0.0900
1572338725.0	0.0597			0.0900
1572338785.0	0.0597			0.0900
1572338905.0	0.0597			0.0899
1572338965.0	0.0607			0.0901
1572339206.0	0.0620			0.0951
1572339266.0	0.0620			0.0950
1572339326.0	0.0620			0.0951
1572339386.0	0.0621			0.0949
1572339446.0	0.0621			0.0950
1572339507.0	0.0621			0.0951
1572339567.0	0.0620			0.0950
1572339627.0	0.0621			0.0951
1572339687.0	0.0620			0.0950
1572339747.0	0.0620			0.0950
1572339867.0	0.0620			0.0950
1572339927.0	0.0621			0.0950
1572339987.0	0.0621			0.0951
1572340048.0	0.0621			0.0949
1572340108.0	0.0620			0.0950
1572340168.0	0.0621			0.0949
1572340228.0	0.0621			0.0950
1572340288.0	0.0621			0.0951
1572340348.0	0.0620			0.0951
1572340408.0	0.0621			0.0949
1572340528.0	0.0621			0.0949
1572340589.0	0.0621			0.0949
1572340649.0	0.0621			0.0950
1572340709.0	0.0621			0.0950
1572340769.0	0.0621			0.0951
1572340829.0	0.0621			0.0950
1572340889.0	0.0621			0.0950
1572340949.0	0.0621			0.0950
1572341009.0	0.0621			0.0951
1572341070.0	0.0621			0.0949
1572341130.0	0.0621			0.0951
1572341190.0	0.0621			0.0950
1572341310.0	0.0621			0.0949
1572341370.0	0.0621			0.0951
1572341430.0	0.0621			0.0950
1572341490.0	0.0621			0.0950
1572341550.0	0.0621			0.0950
1572341611.0	0.0621			0.0951
1572341851.0	0.0645			0.1000
1572341911.0	0.0645			0.1000
1572341971.0	0.0645			0.1000
1572342031.0	0.0645			0.1000
1572342152.0	0.0645			0.1000
1572342212.0	0.0645			0.1000
1572342272.0	0.0645			0.1000
1572342332.0	0.0645			0.1000
1572342392.0	0.0645			0.1000
1572342452.0	0.0645			0.1000
1572342512.0	0.0645			0.1000
1572342572.0	0.0645			0.1000
1572342633.0	0.0645			0.1000
1572342693.0	0.0645			0.1000
1572342753.0	0.0645			0.1000
1572342813.0	0.0645			0.1000
1572342873.0	0.0645			0.1000
1572342933.0	0.0645			0.1000
1572342993.0	0.0644			0.1000
1572343053.0	0.0645			0.1000
1572343113.0	0.0645			0.1000
1572343174.0	0.0645			0.1000
1572343234.0	0.0645			0.1000
1572343294.0	0.0645			0.1000
1572343354.0	0.0645			0.1000
1572343414.0	0.0645			0.1000
1572343474.0	0.0645			0.1000
1572343594.0	0.0644			0.1000
1572343654.0	0.0645			0.1000
1572343715.0	0.0645			0.1000
1572343775.0	0.0645			0.1000
1572343835.0	0.0645			0.1000
1572343895.0	0.0645			0.1000
1572343955.0	0.0645			0.1000
1572344015.0	0.0645			0.1000
1572344075.0	0.0645			0.1000
1572344135.0	0.0645			0.1000
1572344195.0	0.0645			0.1000
1572344256.0	0.0645			0.1000
1572344556.0	0.0670			0.1050
1572344616.0	0.0670			0.1050
1572344676.0	0.0670			0.1050
1572344736.0	0.0670			0.1050
1572344797.0	0.0670			0.1050
1572344857.0	0.0671			0.1050
1572344917.0	0.0671			0.1050
1572344977.0	0.0670			0.1050
1572345037.0	0.0671			0.1050
1572345097.0	0.0671			0.1050
1572345217.0	0.0671			0.1050
1572345277.0	0.0670			0.1050
1572345338.0	0.0670			0.1050
1572345398.0	0.0670			0.1050
1572345458.0	0.0671			0.1050
1572345518.0	0.0670			0.1050
1572345578.0	0.0670			0.1050
1572345638.0	0.0671			0.1050
1572345698.0	0.0671			0.1050
1572345758.0	0.0671			0.1050
1572345818.0	0.0670			0.1050
1572345879.0	0.0671			0.1050
1572345999.0	0.0670			0.1050
1572346059.0	0.0671			0.1050
1572346119.0	0.0671			0.1050
1572346179.0	0.0670			0.1050
1572346239.0	0.0670			0.1050
1572346299.0	0.0670			0.1050
1572346359.0	0.0671			0.1050
1572346420.0	0.0670			0.1050
1572346480.0	0.0670			0.1050
1572346540.0	0.0671			0.1050
1572346600.0	0.0670			0.1050
1572346660.0	0.0671			0.1050
1572346780.0	0.0670			0.1050
1572346840.0	0.0671			0.1050
1572346900.0	0.0670			0.1050
1572346961.0	0.0671			0.1050
1572347201.0	0.0693			0.1100
1572347261.0	0.0693			0.1100
1572347321.0	0.0694			0.1100
1572347381.0	0.0693			0.1100
1572347442.0	0.0694			0.1100
1572347502.0	0.0694			0.1100
1572347622.0	0.0694			0.1100
1572347682.0	0.0693			0.1100
1572347742.0	0.0694			0.1100
1572347802.0	0.0694			0.1100
1572347862.0	0.0694			0.1100
1572347923.0	0.0693			0.1100
1572347983.0	0.0693			0.1100
1572348043.0	0.0694			0.1100
1572348103.0	0.0694			0.1100
1572348163.0	0.0694			0.1100
1572348223.0	0.0694			0.1100
1572348283.0	0.0694			0.1100
1572348404.0	0.0693			0.1100
1572348464.0	0.0694			0.1100
1572348524.0	0.0694			0.1100
1572348584.0	0.0693			0.1100
1572348644.0	0.0694			0.1100
1572348704.0	0.0694			0.1100
1572348764.0	0.0693			0.1100
1572348824.0	0.0694			0.1100
1572348885.0	0.0693			0.1100
1572348945.0	0.0693			0.1100
1572349065.0	0.0693			0.1100
1572349125.0	0.0693			0.1100
1572349185.0	0.0693			0.1100
1572349245.0	0.0694			0.1100
1572349305.0	0.0694			0.1100
1572349365.0	0.0694			0.1100
1572349425.0	0.0694			0.1100
1572349486.0	0.0694			0.1100
1572349546.0	0.0694			0.1100
1572349606.0	0.0693			0.1100
1572349846.0	0.0717			0.1150
1572349906.0	0.0718			0.1150
1572349966.0	0.0718			0.1150
1572350027.0	0.0718			0.1150
1572350087.0	0.0719			0.1150
1572350147.0	0.0718			0.1150
1572350207.0	0.0718			0.1150
1572350267.0	0.0718			0.1150
1572350327.0	0.0718			0.1150
1572350387.0	0.0718			0.1150
1572350447.0	0.0718			0.1150
1572350508.0	0.0718			0.1150
1572350568.0	0.0718			0.1150
1572350688.0	0.0718			0.1150
1572350748.0	0.0718			0.1150
1572350808.0	0.0718			0.1150
1572350868.0	0.0717			0.1150
1572350928.0	0.0718			0.1150
1572350988.0	0.0718			0.1150
1572351048.0	0.0718			0.1150
1572351109.0	0.0719			0.1150
1572351169.0	0.0718			0.1150
1572351229.0	0.0718			0.1150
1572351289.0	0.0719			0.1150
1572351349.0	0.0718			0.1150
1572351469.0	0.0719			0.1150
1572351529.0	0.0718			0.1150
1572351590.0	0.0718			0.1150
1572351650.0	0.0718			0.1150
1572351710.0	0.0718			0.1150
1572351770.0	0.0719			0.1150
1572351830.0	0.0718			0.1150
1572351890.0	0.0718			0.1150
1572351950.0	0.0718			0.1150
1572352010.0	0.0718			0.1150
1572352070.0	0.0718			0.1150
1572352131.0	0.0718			0.1150
1572352251.0	0.0719			0.1150
1572352311.0	0.0726			0.1150
1572352551.0	0.0741			0.1200
1572352611.0	0.0741			0.1200
1572352672.0	0.0741			0.1200
1572352732.0	0.0741			0.1200
1572352792.0	0.0741			0.1200
1572352852.0	0.0741			0.1200
1572352912.0	0.0741			0.1200
1572352972.0	0.0741			0.1200
1572353092.0	0.0741			0.1200
1572353152.0	0.0741			0.1200
1572353213.0	0.0741			0.1200
1572353273.0	0.0741			0.1200
1572353333.0	0.0741			0.1200
1572353393.0	0.0742			0.1200
1572353453.0	0.0741			0.1200
1572353513.0	0.0741			0.1200
1572353573.0	0.0741			0.1200
1572353633.0	0.0741			0.1200
1572353694.0	0.0742			0.1200
1572353754.0	0.0741			0.1200
1572353874.0	0.0742			0.1200
1572353934.0	0.0741			0.1200
1572353994.0	0.0741			0.1200
1572354054.0	0.0741			0.1200
1572354114.0	0.0741			0.1200
1572354175.0	0.0741			0.1200
1572354235.0	0.0741			0.1200
1572354295.0	0.0741			0.1200
1572354355.0	0.0741			0.1200
1572354415.0	0.0742			0.1200
1572354535.0	0.0742			0.1200
1572354595.0	0.0741			0.1200
1572354655.0	0.0742			0.1200
1572354715.0	0.0742			0.1200
1572354776.0	0.0742			0.1200
1572354836.0	0.0741			0.1200
1572354896.0	0.0741			0.1200
1572354956.0	0.0741			0.1200
1572355196.0	0.0765			0.1250
1572355256.0	0.0765			0.1250
1572355317.0	0.0766			0.1250
1572355377.0	0.0766			0.1250
1572355437.0	0.0766			0.1250
1572355497.0	0.0766			0.1250
1572355557.0	0.0766			0.1250
1572355617.0	0.0766			0.1250
1572355677.0	0.0766			0.1250
1572355737.0	0.0765			0.1250
1572355797.0	0.0766			0.1250
1572355858.0	0.0766			0.1250
1572355918.0	0.0766			0.1250
1572355978.0	0.0765			0.1250
1572356038.0	0.0766			0.1250
1572356158.0	0.0765			0.1250
1572356218.0	0.0766			0.1250
1572356278.0	0.0766			0.1250
1572356338.0	0.0766			0.1250
1572356398.0	0.0766			0.1250
1572356459.0	0.0766			0.1250
1572356519.0	0.0766			0.1250
1572356579.0	0.0766			0.1250
1572356639.0	0.0766			0.1250
1572356699.0	0.0766			0.1250
1572356759.0	0.0766			0.1250
1572356819.0	0.0766			0.1250
1572356939.0	0.0765			0.1250
1572357000.0	0.0766			0.1250
1572357060.0	0.0767			0.1250
1572357120.0	0.0766			0.1250
1572357180.0	0.0766			0.1250
1572357240.0	0.0766			0.1250
1572357300.0	0.0765			0.1250
1572357360.0	0.0766			0.1250
1572357420.0	0.0766			0.1250
1572357480.0	0.0766			0.1250
1572357541.0	0.0766			0.1250
1572357601.0	0.0765			0.1250
1572357901.0	0.0789			0.1300
1572357961.0	0.0789			0.1300
1572358021.0	0.0789			0.1300
1572358081.0	0.0789			0.1300
1572358142.0	0.0790			0.1300
1572358202.0	0.0790			0.1300
1572358262.0	0.0790			0.1300
1572358322.0	0.0789			0.1300
1572358382.0	0.0790			0.1300
1572358442.0	0.0790			0.1300
1572358563.0	0.0789			0.1300
1572358623.0	0.0790			0.1300
1572358683.0	0.0789			0.1300
1572358743.0	0.0790			0.1300
1572358803.0	0.0789			0.1300
1572358863.0	0.0789			0.1300
1572358923.0	0.0789			0.1300
1572358983.0	0.0790			0.1300
1572359044.0	0.0790			0.1300
1572359104.0	0.0789			0.1300
1572359164.0	0.0790			0.1300
1572359224.0	0.0789			0.1300
1572359284.0	0.0789			0.1300
1572359344.0	0.0790			0.1300
1572359404.0	0.0790			0.1300
1572359464.0	0.0790			0.1300
1572359524.0	0.0790			0.1300
1572359584.0	0.0790			0.1300
1572359645.0	0.0790			0.1300
1572359705.0	0.0790			0.1300
1572359765.0	0.0789			0.1300
1572359825.0	0.0790			0.1300
1572359885.0	0.0790			0.1300
1572360005.0	0.0789			0.1300
1572360065.0	0.0789			0.1300
1572360125.0	0.0789			0.1300
1572360186.0	0.0790			0.1300
1572360246.0	0.0789			0.1300
1572360306.0	0.0789			0.1300
1572360546.0	0.0814			0.1350
1572360606.0	0.0815			0.1350
1572360666.0	0.0814			0.1350
1572360727.0	0.0815			0.1350
1572360847.0	0.0814			0.1350
1572360907.0	0.0815			0.1350
1572360967.0	0.0814			0.1350
1572361027.0	0.0814			0.1350
1572361087.0	0.0814			0.1350
1572361147.0	0.0814			0.1350
1572361207.0	0.0814			0.1350
1572361267.0	0.0815			0.1350
1572361328.0	0.0815			0.1350
1572361388.0	0.0814			0.1350
1572361448.0	0.0814			0.1350
1572361508.0	0.0814			0.1350
1572361628.0	0.0814			0.1350
1572361688.0	0.0815			0.1350
1572361748.0	0.0814			0.1350
1572361808.0	0.0814			0.1350
1572361869.0	0.0814			0.1350
1572361929.0	0.0815			0.1350
1572361989.0	0.0815			0.1350
1572362049.0	0.0814			0.1350
1572362109.0	0.0814			0.1350
1572362169.0	0.0815			0.1350
1572362229.0	0.0814			0.1350
1572362290.0	0.0814			0.1350
1572362410.0	0.0815			0.1350
1572362470.0	0.0814			0.1350
1572362530.0	0.0815			0.1350
1572362590.0	0.0814			0.1350
1572362650.0	0.0814			0.1350
1572362710.0	0.0815			0.1350
1572362770.0	0.0814			0.1350
1572362831.0	0.0815			0.1350
1572362891.0	0.0814			0.1350
1572362951.0	0.0814			0.1350
1572363251.0	0.0839			0.1400
1572363312.0	0.0839			0.1400
1572363372.0	0.0839			0.1400
1572363432.0	0.0839			0.1400
1572363492.0	0.0838			0.1400
1572363552.0	0.0839			0.1400
1572363612.0	0.0839			0.1400
1572363672.0	0.0839			0.1400
1572363732.0	0.0839			0.1400
1572363792.0	0.0839			0.1400
1572363852.0	0.0839			0.1400
1572363913.0	0.0839			0.1400
1572364033.0	0.0839			0.1400
1572364093.0	0.0839			0.1400
1572364153.0	0.0838			0.1400
1572364213.0	0.0839			0.1400
1572364273.0	0.0840			0.1400
1572364333.0	0.0839			0.1400
1572364394.0	0.0839			0.1400
1572364454.0	0.0839			0.1400
1572364514.0	0.0839			0.1400
1572364574.0	0.0839			0.1400
1572364694.0	0.0839			0.1400
1572364754.0	0.0839			0.1400
1572364814.0	0.0838			0.1400
1572364875.0	0.0839			0.1400
1572364935.0	0.0839			0.1400
1572364995.0	0.0839			0.1400
1572365055.0	0.0840			0.1400
1572365115.0	0.0839			0.1400
1572365175.0	0.0840			0.1400
1572365235.0	0.0839			0.1400
1572365295.0	0.0839			0.1400
1572365356.0	0.0839			0.1400
1572365476.0	0.0839			0.1400
1572365536.0	0.0839			0.1400
1572365596.0	0.0839			0.1400
1572365656.0	0.0840			0.1400
1572365897.0	0.0864			0.1450
1572365957.0	0.0865			0.1450
1572366017.0	0.0865			0.1450
1572366077.0	0.0864			0.1450
1572366137.0	0.0865			0.1450
1572366197.0	0.0865			0.1450
1572366317.0	0.0864			0.1450
1572366378.0	0.0865			0.1450
1572366438.0	0.0865			0.1450
1572366498.0	0.0865			0.1450
1572366558.0	0.0865			0.1450
1572366618.0	0.0864			0.1450
1572366678.0	0.0864			0.1450
1572366738.0	0.0865			0.1450
1572366798.0	0.0864			0.1450
1572366858.0	0.0865			0.1450
1572366919.0	0.0864			0.1450
1572366979.0	0.0865			0.1450
1572367099.0	0.0865			0.1450
1572367159.0	0.0864			0.1450
1572367219.0	0.0865			0.1450
1572367279.0	0.0864			0.1450
1572367339.0	0.0865			0.1450
1572367399.0	0.0865			0.1450
1572367460.0	0.0865			0.1450
1572367520.0	0.0865			0.1450
1572367580.0	0.0864			0.1450
1572367640.0	0.0864			0.1450
1572367700.0	0.0865			0.1450
1572367760.0	0.0865			0.1450
1572367880.0	0.0864			0.1450
1572367941.0	0.0865			0.1450
1572368001.0	0.0865			0.1450
1572368061.0	0.0864			0.1450
1572368121.0	0.0865			0.1450
1572368181.0	0.0865			0.1450
1572368241.0	0.0865			0.1450
1572368301.0	0.0865			0.1450
1572368542.0	0.0888			0.1500
1572368602.0	0.0890			0.1500
1572368722.0	0.0890			0.1500
1572368782.0	0.0890			0.1500
1572368842.0	0.0889			0.1500
1572368902.0	0.0889			0.1500
1572368962.0	0.0890			0.1500
1572369023.0	0.0889			0.1500
1572369083.0	0.0889			0.1500
1572369143.0	0.0890			0.1500
1572369203.0	0.0889			0.1500
1572369263.0	0.0889			0.1500
1572369323.0	0.0889			0.1500
1572369383.0	0.0890			0.1500
1572369503.0	0.0889			0.1500
1572369564.0	0.0889			0.1500
1572369624.0	0.0890			0.1500
1572369684.0	0.0889			0.1500
1572369744.0	0.0889			0.1500
1572369804.0	0.0889			0.1500
1572369864.0	0.0890			0.1500
1572369924.0	0.0890			0.1500
1572369984.0	0.0888			0.1500
1572370044.0	0.0889			0.1500
1572370105.0	0.0890			0.1500
1572370165.0	0.0888			0.1500
1572370285.0	0.0888			0.1500
1572370345.0	0.0889			0.1500
1572370405.0	0.0889			0.1500
1572370465.0	0.0889			0.1500
1572370525.0	0.0889			0.1500
1572370585.0	0.0890			0.1500
1572370646.0	0.0889			0.1500
1572370706.0	0.0889			0.1500
1572370766.0	0.0888			0.1500
1572370826.0	0.0889			0.1500
1572370946.0	0.0889			0.1500
1572371006.0	0.0900			0.1500
1572371247.0	0.0915			0.1550
1572371307.0	0.0915			0.1550
1572371367.0	0.0915			0.1550
1572371427.0	0.0916			0.1550
1572371487.0	0.0916			0.1550
1572371547.0	0.0915			0.1550
1572371607.0	0.0916			0.1550
1572371667.0	0.0915			0.1550
1572371788.0	0.0915			0.1550
1572371848.0	0.0915			0.1550
1572371908.0	0.0916			0.1550
1572371968.0	0.0915			0.1550
1572372028.0	0.0916			0.1550
1572372088.0	0.0916			0.1550
1572372148.0	0.0915			0.1550
1572372208.0	0.0917			0.1550
1572372269.0	0.0916			0.1550
1572372329.0	0.0915			0.1550
1572372389.0	0.0916			0.1550
1572372449.0	0.0915			0.1550
1572372569.0	0.0916			0.1550
1572372629.0	0.0915			0.1550
1572372689.0	0.0916			0.1550
1572372749.0	0.0915			0.1550
1572372810.0	0.0915			0.1550
1572372870.0	0.0915			0.1550
1572372930.0	0.0916			0.1550
1572372990.0	0.0915			0.1550
1572373050.0	0.0915			0.1550
1572373110.0	0.0916			0.1550
1572373170.0	0.0915			0.1550
1572373230.0	0.0915			0.1550
1572373351.0	0.0916			0.1550
1572373411.0	0.0916			0.1550
1572373471.0	0.0916			0.1550
1572373531.0	0.0915			0.1550
1572373591.0	0.0915			0.1550
1572373651.0	0.0915			0.1550
1572373892.0	0.0941			0.1600
1572373952.0	0.0941			0.1600
1572374012.0	0.0942			0.1600
1572374072.0	0.0942			0.1600
1572374192.0	0.0941			0.1600
1572374252.0	0.0941			0.1600
1572374313.0	0.0942			0.1600
1572374373.0	0.0941			0.1600
1572374433.0	0.0942			0.1600
1572374493.0	0.0942			0.1600
1572374553.0	0.0942			0.1600
1572374613.0	0.0942			0.1600
1572374673.0	0.0941			0.1600
1572374733.0	0.0942			0.1600
1572374794.0	0.0941			0.1600
1572374854.0	0.0941			0.1600
1572374974.0	0.0942			0.1600
1572375034.0	0.0941			0.1600
1572375094.0	0.0941			0.1600
1572375154.0	0.0941			0.1600
1572375214.0	0.0941			0.1600
1572375275.0	0.0942			0.1600
1572375335.0	0.0941			0.1600
1572375395.0	0.0941			0.1600
1572375455.0	0.0942			0.1600
1572375515.0	0.0941			0.1600
1572375575.0	0.0941			0.1600
1572375635.0	0.0941			0.1600
1572375756.0	0.0942			0.1600
1572375816.0	0.0942			0.1600
1572375876.0	0.0941			0.1600
1572375936.0	0.0941			0.1600
1572375996.0	0.0941			0.1600
1572376056.0	0.0941			0.1600
1572376116.0	0.0942			0.1600
1572376176.0	0.0941			0.1600
1572376236.0	0.0941			0.1600
1572376297.0	0.0942			0.1600
1572376597.0	0.0968			0.1650
1572376657.0	0.0968			0.1650
1572376717.0	0.0968			0.1650
1572376777.0	0.0968			0.1650
1572376838.0	0.0968			0.1650
1572376898.0	0.0968			0.1650
1572376958.0	0.0968			0.1650
1572377018.0	0.0967			0.1649
1572377078.0	0.0967			0.1650
1572377138.0	0.0968			0.1650
1572377198.0	0.0968			0.1650
1572377258.0	0.0967			0.1650
1572377379.0	0.0968			0.1650
1572377439.0	0.0968			0.1650
1572377499.0	0.0968			0.1650
1572377559.0	0.0968			0.1650
1572377619.0	0.0968			0.1649
1572377679.0	0.0968			0.1650
1572377740.0	0.0968			0.1650
1572377800.0	0.0968			0.1650
1572377860.0	0.0968			0.1650
1572377920.0	0.0968			0.1650
1572378040.0	0.0968			0.1650
1572378100.0	0.0968			0.1650
1572378160.0	0.0968			0.1650
1572378220.0	0.0968			0.1650
1572378281.0	0.0967			0.1650
1572378341.0	0.0968			0.1650
1572378401.0	0.0967			0.1650
1572378461.0	0.0968			0.1650
1572378521.0	0.0968			0.1650
1572378581.0	0.0967			0.1650
1572378641.0	0.0967			0.1650
1572378701.0	0.0968			0.1650
1572378822.0	0.0968			0.1650
1572378882.0	0.0968			0.1650
1572378942.0	0.0968			0.1650
1572379002.0	0.0967			0.1650
1572379242.0	0.0994			0.1700
1572379303.0	0.0995			0.1700
1572379363.0	0.0995			0.1700
1572379423.0	0.0996			0.1700
1572379483.0	0.0995			0.1700
1572379543.0	0.0995			0.1700
1572379663.0	0.0996			0.1700
1572379723.0	0.0995			0.1700
1572379784.0	0.0996			0.1700
1572379844.0	0.0995			0.1700
1572379904.0	0.0996			0.1700
1572379964.0	0.0996			0.1700
1572380024.0	0.0994			0.1700
1572380084.0	0.0995			0.1700
1572380144.0	0.0996			0.1700
1572380204.0	0.0995			0.1700
1572380264.0	0.0996			0.1700
1572380324.0	0.0996			0.1700
1572380445.0	0.0995			0.1700
1572380505.0	0.0994			0.1700
1572380565.0	0.0995			0.1700
1572380625.0	0.0996			0.1700
1572380685.0	0.0995			0.1700
1572380745.0	0.0994			0.1700
1572380805.0	0.0995			0.1700
1572380866.0	0.0996			0.1700
1572380926.0	0.0995			0.1700
1572380986.0	0.0995			0.1700
1572381046.0	0.0995			0.1700
1572381106.0	0.0994			0.1700
1572381226.0	0.0996			0.1700
1572381286.0	0.0995			0.1700
1572381347.0	0.0995			0.1700
1572381407.0	0.0995			0.1700
1572381467.0	0.0996			0.1700
1572381527.0	0.0995			0.1700
1572381587.0	0.0995			0.1700
1572381647.0	0.0995			0.1700
1572381888.0	0.1021			0.1750
1572381948.0	0.1022			0.1750
1572382068.0	0.1022			0.1750
1572382128.0	0.1022			0.1750
1572382188.0	0.1022			0.1750
1572382248.0	0.1022			0.1750
1572382309.0	0.1023			0.1750
1572382369.0	0.1022			0.1750
1572382429.0	0.1023			0.1750
1572382489.0	0.1021			0.1750
1572382549.0	0.1022			0.1750
1572382609.0	0.1021			0.1750
1572382669.0	0.1022			0.1750
1572382729.0	0.1022			0.1750
1572382789.0	0.1022			0.1750
1572382850.0	0.1022			0.1750
1572382910.0	0.1023			0.1750
1572382970.0	0.1021			0.1750
1572383030.0	0.1022			0.1750
1572383090.0	0.1022			0.1750
1572383150.0	0.1022			0.1750
1572383210.0	0.1021			0.1750
1572383270.0	0.1022			0.1750
1572383330.0	0.1023			0.1750
1572383391.0	0.1022			0.1750
1572383511.0	0.1022			0.1750
1572383571.0	0.1022			0.1750
1572383631.0	0.1021			0.1750
1572383691.0	0.1022			0.1750
1572383751.0	0.1022			0.1750
1572383812.0	0.1022			0.1750
1572383872.0	0.1022			0.1750
1572383932.0	0.1022			0.1750
1572383992.0	0.1022			0.1750
1572384052.0	0.1021			0.1750
1572384112.0	0.1022			0.1750
1572384172.0	0.1022			0.1750
1572384293.0	0.1022			0.1750
1572384353.0	0.1031			0.1750
1572384593.0	0.1049			0.1800
1572384653.0	0.1049			0.1800
1572384713.0	0.1049			0.1800
1572384773.0	0.1048			0.1800
1572384834.0	0.1049			0.1800
1572384894.0	0.1050			0.1800
1572384954.0	0.1050			0.1800
1572385014.0	0.1049			0.1800
1572385134.0	0.1049			0.1800
1572385194.0	0.1050			0.1800
1572385254.0	0.1050			0.1800
1572385314.0	0.1050			0.1800
1572385375.0	0.1049			0.1800
1572385435.0	0.1049			0.1800
1572385495.0	0.1049			0.1800
1572385555.0	0.1049			0.1800
1572385615.0	0.1049			0.1799
1572385675.0	0.1049			0.1800
1572385735.0	0.1050			0.1800
1572385795.0	0.1050			0.1800
1572385916.0	0.1049			0.1800
1572385976.0	0.1050			0.1800
1572386036.0	0.1049			0.1800
1572386096.0	0.1050			0.1800
1572386156.0	0.1049			0.1800
1572386216.0	0.1049			0.1800
1572386276.0	0.1050			0.1800
1572386337.0	0.1049			0.1800
1572386397.0	0.1049			0.1800
1572386457.0	0.1049			0.1800
1572386517.0	0.1050			0.1800
1572386577.0	0.1050			0.1800
1572386697.0	0.1049			0.1800
1572386757.0	0.1049			0.1800
1572386817.0	0.1051			0.1800
1572386878.0	0.1049			0.1800
1572386938.0	0.1049			0.1800
1572386998.0	0.1050			0.1800
1572387238.0	0.1077			0.1850
1572387298.0	0.1077			0.1850
1572387359.0	0.1078			0.1850
1572387419.0	0.1078			0.1850
1572387539.0	0.1078			0.1850
1572387599.0	0.1078			0.1850
1572387659.0	0.1077			0.1850
1572387719.0	0.1077			0.1850
1572387779.0	0.1078			0.1850
1572387840.0	0.1078			0.1850
1572387900.0	0.1077			0.1850
1572387960.0	0.1077			0.1850
1572388020.0	0.1078			0.1849
1572388080.0	0.1078			0.1850
1572388140.0	0.1076			0.1850
1572388200.0	0.1078			0.1850
1572388321.0	0.1078			0.1850
1572388381.0	0.1077			0.1850
1572388441.0	0.1078			0.1850
1572388501.0	0.1078			0.1850
1572388561.0	0.1078			0.1850
1572388621.0	0.1078			0.1850
1572388681.0	0.1077			0.1850
1572388741.0	0.1078			0.1850
1572388801.0	0.1078			0.1850
1572388862.0	0.1078			0.1850
1572388982.0	0.1078			0.1850
1572389042.0	0.1078			0.1850
1572389102.0	0.1077			0.1850
1572389162.0	0.1077			0.1850
1572389222.0	0.1078			0.1850
1572389282.0	0.1078			0.1850
1572389343.0	0.1078			0.1850
1572389403.0	0.1078			0.1850
1572389463.0	0.1077			0.1850
1572389523.0	0.1078			0.1850
1572389583.0	0.1077			0.1850
1572389643.0	0.1078			0.1850
1572389944.0	0.1106			0.1900
1572390004.0	0.1106			0.1900
1572390064.0	0.1105			0.1900
1572390124.0	0.1106			0.1900
1572390184.0	0.1105			0.1900
1572390244.0	0.1105			0.1900
1572390304.0	0.1106			0.1900
1572390365.0	0.1106			0.1900
1572390425.0	0.1105			0.1901
1572390485.0	0.1106			0.1900
1572390605.0	0.1105			0.1900
1572390665.0	0.1107			0.1900
1572390725.0	0.1106			0.1900
1572390785.0	0.1106			0.1900
1572390845.0	0.1106			0.1900
1572390905.0	0.1105			0.1900
1572390966.0	0.1106			0.1900
1572391026.0	0.1105			0.1900
1572391086.0	0.1106			0.1900
1572391146.0	0.1106			0.1900
1572391206.0	0.1106			0.1900
1572391266.0	0.1105			0.1900
1572391386.0	0.1105			0.1900
1572391447.0	0.1106			0.1900
1572391507.0	0.1105			0.1900
1572391567.0	0.1106			0.1900
1572391627.0	0.1105			0.1900
1572391687.0	0.1105			0.1900
1572391747.0	0.1106			0.1900
1572391807.0	0.1104			0.1900
1572391867.0	0.1106			0.1900
1572391928.0	0.1106			0.1900
1572391988.0	0.1105			0.1900
1572392048.0	0.1107			0.1900
1572392168.0	0.1106			0.1900
1572392228.0	0.1106			0.1900
1572392288.0	0.1105			0.1900
1572392348.0	0.1105			0.1900
1572392589.0	0.1134			0.1950
1572392649.0	0.1135			0.1950
1572392709.0	0.1135			0.1950
1572392769.0	0.1134			0.1950
1572392829.0	0.1135			0.1950
1572392889.0	0.1137			0.1950
1572393010.0	0.1136			0.1950
1572393070.0	0.1134			0.1950
1572393130.0	0.1135			0.1950
1572393190.0	0.1134			0.1950
1572393250.0	0.1136			0.1950
1572393310.0	0.1135			0.1950
1572393370.0	0.1135			0.1950
1572393431.0	0.1135			0.1950
1572393491.0	0.1136			0.1950
1572393551.0	0.1135			0.1950
1572393611.0	0.1134			0.1950
1572393671.0	0.1135			0.1950
1572393791.0	0.1136			0.1950
1572393851.0	0.1136			0.1950
1572393912.0	0.1136			0.1950
1572393972.0	0.1135			0.1950
1572394032.0	0.1134			0.1950
1572394092.0	0.1136			0.1950
1572394152.0	0.1135			0.1950
1572394212.0	0.1136			0.1950
1572394272.0	0.1135			0.1950
1572394332.0	0.1135			0.1950
1572394392.0	0.1135			0.1950
1572394453.0	0.1136			0.1950
1572394573.0	0.1135			0.1950
1572394633.0	0.1134			0.1950
1572394693.0	0.1135			0.1950
1572394753.0	0.1135			0.1950
1572394813.0	0.1135			0.1950
1572394873.0	0.1135			0.1950
1572394934.0	0.1134			0.1950
1572394994.0	0.1135			0.1950
1572395234.0	0.1163			0.2000
1572395294.0	0.1163			0.2000
1572395475.0	0.1164			0.2000
1572395535.0	0.1163			0.2000
1572395595.0	0.1164			0.2000
1572395655.0	0.1163			0.1999
1572395715.0	0.1164			0.1999
1572395895.0	0.1163			0.2000
1572395956.0	0.1164			0.2000
1572396016.0	0.1164			0.1999
1572396076.0	0.1162			0.1999
1572396196.0	0.1163			0.1999
1572396256.0	0.1163			0.2000
1572396316.0	0.1164			0.2000
1572396376.0	0.1163			0.1999
1572396436.0	0.1164			0.1999
1572396497.0	0.1162			0.2000
1572396557.0	0.1164			0.2000
1572396617.0	0.1163			0.2000
1572396677.0	0.1163			0.2000
1572396857.0	0.1164			0.2000
1572396917.0	0.1164			0.2000
1572396978.0	0.1163			0.2000
1572397098.0	0.1164			0.2000
1572397158.0	0.1164			0.1999
1572397218.0	0.1164			0.1999
1572397278.0	0.1164			0.1999
1572397338.0	0.1164			0.2000
1572397398.0	0.1164			0.2000
1572397458.0	0.1163			0.2000
1572397518.0	0.1163			0.2000
1572397639.0	0.1164			0.1999
1572397699.0	0.1208			0.2000
