Date:	2019-08-21
Section:	Servo

Timestamps	Bluefors Temp. (K)	Lakeshore Temp. (K)

1566600339.0	0.0595			0.1100
1566600400.0	0.0595			0.1100
1566600460.0	0.0595			0.1100
1566600520.0	0.0595			0.1100
1566600580.0	0.0596			0.1100
1566600640.0	0.0596			0.1100
1566600761.0	0.0596			0.1100
1566600821.0	0.0596			0.1100
1566600881.0	0.0596			0.1100
1566600941.0	0.0596			0.1100
1566601002.0	0.0596			0.1100
1566601062.0	0.0596			0.1100
1566601122.0	0.0596			0.1100
1566601182.0	0.0596			0.1100
1566601423.0	0.0624			0.1150
1566601483.0	0.0625			0.1150
1566601604.0	0.0625			0.1150
1566601664.0	0.0625			0.1150
1566601724.0	0.0626			0.1150
1566601784.0	0.0626			0.1150
1566601844.0	0.0626			0.1150
1566601904.0	0.0626			0.1150
1566601965.0	0.0625			0.1150
1566602025.0	0.0625			0.1150
1566602085.0	0.0625			0.1150
1566602145.0	0.0626			0.1150
1566602205.0	0.0626			0.1150
1566602266.0	0.0626			0.1150
1566602566.0	0.0651			0.1200
1566602626.0	0.0651			0.1200
1566602686.0	0.0652			0.1200
1566602747.0	0.0652			0.1200
1566602807.0	0.0652			0.1200
1566602867.0	0.0652			0.1200
1566602927.0	0.0652			0.1200
1566602987.0	0.0651			0.1200
1566603048.0	0.0652			0.1200
1566603108.0	0.0652			0.1200
1566603228.0	0.0652			0.1200
1566603288.0	0.0652			0.1200
1566603348.0	0.0653			0.1200
1566603409.0	0.0652			0.1200
1566603649.0	0.0679			0.1250
1566603710.0	0.0680			0.1250
1566603770.0	0.0681			0.1250
1566603830.0	0.0679			0.1250
1566603890.0	0.0681			0.1250
1566603950.0	0.0681			0.1250
1566604010.0	0.0680			0.1250
1566604071.0	0.0680			0.1250
1566604191.0	0.0680			0.1250
1566604251.0	0.0680			0.1250
1566604311.0	0.0680			0.1250
1566604372.0	0.0680			0.1250
1566604432.0	0.0680			0.1250
1566604492.0	0.0680			0.1250
1566604733.0	0.0706			0.1300
1566604793.0	0.0706			0.1300
1566604853.0	0.0706			0.1300
1566604914.0	0.0707			0.1300
1566605034.0	0.0707			0.1300
1566605094.0	0.0707			0.1300
1566605154.0	0.0707			0.1300
1566605215.0	0.0707			0.1300
1566605275.0	0.0706			0.1300
1566605335.0	0.0706			0.1300
1566605395.0	0.0707			0.1300
1566605455.0	0.0708			0.1300
1566605515.0	0.0707			0.1300
1566605576.0	0.0706			0.1300
1566605876.0	0.0734			0.1350
1566605936.0	0.0734			0.1350
1566605997.0	0.0735			0.1350
1566606057.0	0.0735			0.1350
1566606117.0	0.0734			0.1350
1566606177.0	0.0735			0.1350
1566606237.0	0.0735			0.1350
1566606298.0	0.0735			0.1350
1566606358.0	0.0735			0.1350
1566606418.0	0.0734			0.1350
1566606478.0	0.0735			0.1350
1566606538.0	0.0734			0.1350
1566606659.0	0.0734			0.1350
1566606719.0	0.0735			0.1350
1566606960.0	0.0760			0.1400
1566607020.0	0.0761			0.1400
1566607080.0	0.0761			0.1400
1566607140.0	0.0761			0.1400
1566607201.0	0.0761			0.1400
1566607261.0	0.0761			0.1400
1566607321.0	0.0762			0.1400
1566607381.0	0.0761			0.1400
1566607501.0	0.0761			0.1400
1566607561.0	0.0761			0.1400
1566607622.0	0.0761			0.1400
1566607682.0	0.0761			0.1400
1566607742.0	0.0761			0.1400
1566607802.0	0.0761			0.1400
1566608043.0	0.0787			0.1450
1566608103.0	0.0790			0.1450
1566608163.0	0.0789			0.1450
1566608223.0	0.0790			0.1450
1566608284.0	0.0790			0.1450
1566608344.0	0.0790			0.1450
1566608404.0	0.0790			0.1450
1566608464.0	0.0790			0.1450
1566608524.0	0.0788			0.1450
1566608584.0	0.0789			0.1450
1566608644.0	0.0790			0.1450
1566608705.0	0.0789			0.1450
1566608765.0	0.0789			0.1450
1566608825.0	0.0789			0.1450
1566608885.0	0.0790			0.1450
1566609126.0	0.0814			0.1500
1566609186.0	0.0816			0.1500
1566609306.0	0.0817			0.1500
1566609366.0	0.0818			0.1500
1566609427.0	0.0816			0.1500
1566609487.0	0.0817			0.1500
1566609547.0	0.0817			0.1500
1566609607.0	0.0817			0.1500
1566609667.0	0.0817			0.1500
1566609728.0	0.0816			0.1500
1566609788.0	0.0817			0.1500
1566609848.0	0.0817			0.1500
1566609908.0	0.0817			0.1500
1566609968.0	0.0818			0.1500
1566610269.0	0.0844			0.1550
1566610329.0	0.0845			0.1550
1566610390.0	0.0844			0.1550
1566610450.0	0.0845			0.1550
1566610510.0	0.0845			0.1550
1566610570.0	0.0844			0.1550
1566610630.0	0.0845			0.1550
1566610690.0	0.0845			0.1550
1566610751.0	0.0844			0.1550
1566610811.0	0.0845			0.1550
1566610931.0	0.0845			0.1550
1566610992.0	0.0845			0.1550
1566611052.0	0.0844			0.1550
1566611112.0	0.0844			0.1550
1566611353.0	0.0871			0.1600
1566611413.0	0.0873			0.1600
1566611473.0	0.0872			0.1600
1566611533.0	0.0873			0.1600
1566611593.0	0.0872			0.1600
1566611653.0	0.0873			0.1600
1566611774.0	0.0874			0.1600
1566611834.0	0.0874			0.1600
1566611894.0	0.0874			0.1600
1566611954.0	0.0872			0.1600
1566612014.0	0.0873			0.1600
1566612074.0	0.0872			0.1600
1566612135.0	0.0872			0.1600
1566612195.0	0.0873			0.1600
1566612436.0	0.0899			0.1650
1566612496.0	0.0899			0.1650
1566612616.0	0.0901			0.1650
1566612676.0	0.0901			0.1650
1566612736.0	0.0901			0.1650
1566612797.0	0.0901			0.1650
1566612857.0	0.0901			0.1650
1566612917.0	0.0901			0.1650
1566612977.0	0.0901			0.1650
1566613037.0	0.0902			0.1650
1566613097.0	0.0901			0.1650
1566613157.0	0.0900			0.1650
1566613218.0	0.0901			0.1650
1566613278.0	0.0901			0.1650
1566613579.0	0.0930			0.1700
1566613639.0	0.0932			0.1700
1566613699.0	0.0931			0.1700
1566613759.0	0.0931			0.1700
1566613819.0	0.0931			0.1700
1566613880.0	0.0930			0.1700
1566613940.0	0.0931			0.1700
1566614000.0	0.0930			0.1700
1566614060.0	0.0930			0.1700
1566614121.0	0.0931			0.1700
1566614181.0	0.0932			0.1700
1566614241.0	0.0930			0.1700
1566614301.0	0.0930			0.1700
1566614361.0	0.0930			0.1700
1566614421.0	0.0931			0.1700
1566614662.0	0.0957			0.1750
1566614723.0	0.0959			0.1750
1566614783.0	0.0959			0.1750
1566614843.0	0.0959			0.1750
1566614903.0	0.0961			0.1750
1566614963.0	0.0961			0.1750
1566615024.0	0.0958			0.1750
1566615084.0	0.0958			0.1750
1566615204.0	0.0960			0.1750
1566615264.0	0.0959			0.1750
1566615324.0	0.0958			0.1750
1566615384.0	0.0959			0.1750
1566615444.0	0.0959			0.1750
1566615504.0	0.0959			0.1750
1566615746.0	0.0986			0.1800
1566615806.0	0.0988			0.1800
1566615866.0	0.0990			0.1801
1566615926.0	0.0988			0.1801
1566616046.0	0.0988			0.1800
1566616106.0	0.0987			0.1800
1566616166.0	0.0988			0.1800
1566616227.0	0.0990			0.1800
1566616287.0	0.0988			0.1800
1566616347.0	0.0988			0.1800
1566616407.0	0.0988			0.1800
1566616467.0	0.0989			0.1800
1566616527.0	0.0990			0.1800
1566616587.0	0.0989			0.1800
1566616888.0	0.1018			0.1850
1566616948.0	0.1018			0.1849
1566617009.0	0.1019			0.1850
1566617069.0	0.1020			0.1851
1566617129.0	0.1018			0.1850
1566617189.0	0.1018			0.1850
1566617249.0	0.1017			0.1850
1566617309.0	0.1019			0.1850
1566617369.0	0.1017			0.1850
1566617430.0	0.1017			0.1850
1566617490.0	0.1018			0.1850
1566617550.0	0.1018			0.1850
1566617670.0	0.1019			0.1850
1566617731.0	0.1020			0.1850
1566617971.0	0.1046			0.1900
1566618032.0	0.1047			0.1900
1566618092.0	0.1048			0.1900
1566618152.0	0.1047			0.1900
1566618212.0	0.1047			0.1900
1566618272.0	0.1047			0.1900
1566618332.0	0.1048			0.1901
1566618393.0	0.1048			0.1900
1566618513.0	0.1047			0.1900
1566618573.0	0.1047			0.1900
1566618633.0	0.1047			0.1900
1566618693.0	0.1046			0.1900
1566618754.0	0.1048			0.1900
1566618814.0	0.1047			0.1900
1566619055.0	0.1078			0.1950
1566619115.0	0.1078			0.1951
1566619175.0	0.1078			0.1950
1566619235.0	0.1079			0.1950
1566619355.0	0.1079			0.1950
1566619416.0	0.1079			0.1950
1566619476.0	0.1079			0.1950
1566619536.0	0.1079			0.1950
1566619596.0	0.1080			0.1950
1566619656.0	0.1078			0.1950
1566619716.0	0.1079			0.1950
1566619777.0	0.1077			0.1950
1566619837.0	0.1079			0.1951
1566619897.0	0.1080			0.1950
1566620198.0	0.1107			0.2000
1566620318.0	0.1110			0.2000
1566620378.0	0.1110			0.1999
1566620438.0	0.1109			0.2000
1566620498.0	0.1107			0.2000
1566620559.0	0.1109			0.1999
1566620619.0	0.1109			0.2000
1566620679.0	0.1108			0.2000
1566620739.0	0.1109			0.2000
1566620799.0	0.1107			0.2000
1566620859.0	0.1109			0.2000
1566620980.0	0.1109			0.1999
1566623867.0	0.0234			0.0500
1566623927.0	0.0234			0.0500
1566623987.0	0.0233			0.0500
1566624047.0	0.0233			0.0500
1566624107.0	0.0233			0.0500
1566624167.0	0.0233			0.0500
1566624228.0	0.0234			0.0500
1566624288.0	0.0234			0.0500
1566624348.0	0.0234			0.0500
1566624408.0	0.0234			0.0500
1566624468.0	0.0234			0.0500
1566624528.0	0.0234			0.0500
1566624588.0	0.0234			0.0500
1566624649.0	0.0234			0.0500
1566624709.0	0.0234			0.0500
1566624769.0	0.0234			0.0500
1566624829.0	0.0234			0.0500
1566624889.0	0.0234			0.0500
1566624950.0	0.0234			0.0500
1566625010.0	0.0234			0.0500
1566625070.0	0.0235			0.0500
1566625130.0	0.0235			0.0500
1566625190.0	0.0235			0.0500
1566625250.0	0.0234			0.0500
1566625310.0	0.0234			0.0500
1566625371.0	0.0234			0.0500
1566625431.0	0.0234			0.0500
1566625491.0	0.0234			0.0500
1566625551.0	0.0234			0.0500
1566625611.0	0.0234			0.0500
1566625671.0	0.0234			0.0500
1566625732.0	0.0234			0.0500
1566625792.0	0.0234			0.0500
1566625852.0	0.0234			0.0500
1566625912.0	0.0234			0.0500
1566625972.0	0.0234			0.0500
1566626033.0	0.0234			0.0500
1566626093.0	0.0234			0.0500
1566626153.0	0.0234			0.0500
1566626213.0	0.0234			0.0500
1566626273.0	0.0234			0.0500
1566626334.0	0.0234			0.0500
1566626394.0	0.0234			0.0499
1566626454.0	0.0234			0.0500
1566626514.0	0.0234			0.0500
1566626574.0	0.0234			0.0500
1566626635.0	0.0234			0.0500
1566626695.0	0.0234			0.0500
1566626755.0	0.0234			0.0500
1566626815.0	0.0234			0.0500
1566626875.0	0.0234			0.0500
1566626935.0	0.0234			0.0500
1566626995.0	0.0234			0.0500
1566627056.0	0.0234			0.0500
1566627116.0	0.0234			0.0500
1566627176.0	0.0234			0.0500
1566627236.0	0.0234			0.0500
1566627296.0	0.0234			0.0500
1566627357.0	0.0234			0.0500
1566627417.0	0.0234			0.0500
1566627477.0	0.0234			0.0500
1566627537.0	0.0234			0.0500
1566627597.0	0.0234			0.0500
1566627658.0	0.0234			0.0500
1566627718.0	0.0234			0.0500
1566627778.0	0.0234			0.0500
1566627838.0	0.0234			0.0500
1566627898.0	0.0234			0.0500
1566627958.0	0.0234			0.0500
1566628019.0	0.0234			0.0500
1566628079.0	0.0234			0.0500
1566628139.0	0.0234			0.0500
1566628199.0	0.0235			0.0500
1566628259.0	0.0234			0.0500
1566628319.0	0.0234			0.0500
1566628379.0	0.0234			0.0500
1566628440.0	0.0234			0.0500
1566628500.0	0.0234			0.0500
1566628560.0	0.0234			0.0500
1566628620.0	0.0234			0.0500
1566628680.0	0.0234			0.0500
1566628740.0	0.0234			0.0500
1566628800.0	0.0234			0.0500
1566628860.0	0.0234			0.0500
1566628921.0	0.0234			0.0500
1566628981.0	0.0234			0.0500
1566629041.0	0.0234			0.0500
1566629101.0	0.0234			0.0500
1566629161.0	0.0234			0.0500
1566629222.0	0.0234			0.0500
1566629282.0	0.0234			0.0500
1566629342.0	0.0234			0.0500
1566629402.0	0.0234			0.0500
1566629462.0	0.0234			0.0500
1566629523.0	0.0234			0.0500
1566629583.0	0.0234			0.0500
1566629643.0	0.0234			0.0500
1566629703.0	0.0234			0.0500
1566629763.0	0.0234			0.0500
1566629823.0	0.0234			0.0500
1566629884.0	0.0234			0.0500
1566629944.0	0.0234			0.0500
1566630004.0	0.0234			0.0500
1566630064.0	0.0234			0.0500
1566630124.0	0.0234			0.0500
1566630185.0	0.0234			0.0500
1566630245.0	0.0234			0.0500
1566630305.0	0.0234			0.0500
1566630365.0	0.0234			0.0500
1566630425.0	0.0234			0.0500
1566630485.0	0.0234			0.0500
1566630546.0	0.0234			0.0500
1566630606.0	0.0234			0.0500
1566630666.0	0.0234			0.0500
1566630726.0	0.0234			0.0500
1566630787.0	0.0234			0.0500
1566630847.0	0.0234			0.0500
1566630907.0	0.0234			0.0500
1566630967.0	0.0234			0.0500
1566631027.0	0.0234			0.0500
1566631088.0	0.0234			0.0500
1566631148.0	0.0234			0.0500
1566631208.0	0.0234			0.0500
1566631268.0	0.0234			0.0500
1566631328.0	0.0234			0.0500
1566631389.0	0.0234			0.0500
1566631449.0	0.0234			0.0500
1566631509.0	0.0234			0.0500
1566631569.0	0.0234			0.0500
1566631630.0	0.0234			0.0500
1566631690.0	0.0234			0.0500
1566631750.0	0.0234			0.0500
1566631810.0	0.0234			0.0500
1566631870.0	0.0234			0.0500
1566631931.0	0.0234			0.0500
1566631991.0	0.0234			0.0500
1566632051.0	0.0234			0.0500
1566632111.0	0.0234			0.0500
1566632171.0	0.0234			0.0500
1566632231.0	0.0234			0.0500
1566632292.0	0.0234			0.0500
1566632352.0	0.0234			0.0500
1566632412.0	0.0234			0.0500
1566632472.0	0.0234			0.0500
1566632533.0	0.0234			0.0500
1566632593.0	0.0234			0.0500
1566632653.0	0.0234			0.0500
1566632713.0	0.0234			0.0500
1566632773.0	0.0234			0.0500
1566632834.0	0.0234			0.0500
1566632894.0	0.0234			0.0500
1566632954.0	0.0234			0.0500
1566633014.0	0.0234			0.0500
1566633074.0	0.0234			0.0500
1566633134.0	0.0234			0.0500
1566633194.0	0.0234			0.0500
1566633254.0	0.0234			0.0500
1566633315.0	0.0234			0.0500
1566633375.0	0.0234			0.0500
1566633435.0	0.0234			0.0500
1566633495.0	0.0234			0.0500
1566633555.0	0.0234			0.0500
1566633615.0	0.0234			0.0500
1566633676.0	0.0234			0.0500
1566633736.0	0.0234			0.0500
1566633796.0	0.0234			0.0500
1566633856.0	0.0234			0.0500
1566633916.0	0.0234			0.0500
1566633976.0	0.0234			0.0500
1566634036.0	0.0234			0.0500
1566634097.0	0.0234			0.0500
1566634157.0	0.0234			0.0500
1566634217.0	0.0234			0.0500
1566634277.0	0.0234			0.0500
1566634337.0	0.0234			0.0500
1566634397.0	0.0234			0.0500
1566634457.0	0.0234			0.0500
1566634518.0	0.0234			0.0500
1566634578.0	0.0234			0.0500
1566634638.0	0.0234			0.0500
1566634698.0	0.0234			0.0500
1566634758.0	0.0234			0.0500
1566634818.0	0.0234			0.0500
1566634878.0	0.0234			0.0500
1566634938.0	0.0234			0.0500
1566634999.0	0.0234			0.0500
1566635059.0	0.0234			0.0500
1566635119.0	0.0234			0.0500
1566635179.0	0.0234			0.0500
1566635239.0	0.0234			0.0500
1566635299.0	0.0234			0.0500
1566635360.0	0.0234			0.0500
1566635420.0	0.0234			0.0500
1566635480.0	0.0234			0.0500
1566635540.0	0.0234			0.0500
1566635601.0	0.0234			0.0500
1566635661.0	0.0234			0.0500
1566635721.0	0.0234			0.0500
1566635781.0	0.0234			0.0500
1566635841.0	0.0234			0.0500
1566635901.0	0.0234			0.0500
1566635961.0	0.0234			0.0500
1566636022.0	0.0234			0.0500
1566636082.0	0.0234			0.0500
1566636142.0	0.0234			0.0500
1566636202.0	0.0234			0.0500
1566636263.0	0.0234			0.0500
1566636323.0	0.0234			0.0500
1566636383.0	0.0234			0.0500
1566636443.0	0.0234			0.0500
1566636503.0	0.0234			0.0500
1566636564.0	0.0234			0.0500
1566636624.0	0.0234			0.0500
1566636684.0	0.0234			0.0500
1566636744.0	0.0234			0.0500
1566636805.0	0.0234			0.0500
1566636865.0	0.0234			0.0500
1566636925.0	0.0234			0.0500
1566636985.0	0.0234			0.0500
1566637045.0	0.0234			0.0500
1566637105.0	0.0234			0.0500
1566637165.0	0.0234			0.0500
1566637225.0	0.0234			0.0500
1566637286.0	0.0234			0.0500
1566637346.0	0.0234			0.0500
1566637406.0	0.0234			0.0499
1566637466.0	0.0234			0.0500
1566637526.0	0.0234			0.0500
1566637586.0	0.0234			0.0500
1566637647.0	0.0234			0.0500
1566637707.0	0.0234			0.0500
1566637767.0	0.0234			0.0500
1566637827.0	0.0234			0.0500
1566637887.0	0.0234			0.0500
1566637947.0	0.0234			0.0500
1566638007.0	0.0234			0.0500
1566638067.0	0.0234			0.0500
1566638128.0	0.0234			0.0500
1566638188.0	0.0234			0.0500
1566638248.0	0.0234			0.0500
1566638308.0	0.0234			0.0500
1566638368.0	0.0234			0.0500
1566638429.0	0.0234			0.0500
1566638489.0	0.0234			0.0500
1566638549.0	0.0234			0.0500
1566638609.0	0.0234			0.0500
1566638669.0	0.0234			0.0500
1566638729.0	0.0234			0.0500
1566638789.0	0.0234			0.0500
1566638850.0	0.0234			0.0500
1566638910.0	0.0234			0.0500
1566638970.0	0.0234			0.0500
1566639030.0	0.0234			0.0500
1566639090.0	0.0234			0.0500
1566639151.0	0.0234			0.0500
1566639211.0	0.0234			0.0500
1566639271.0	0.0234			0.0500
1566639331.0	0.0234			0.0500
1566639391.0	0.0234			0.0500
1566639451.0	0.0234			0.0500
1566639512.0	0.0234			0.0500
1566639572.0	0.0234			0.0500
1566639632.0	0.0234			0.0500
1566639692.0	0.0234			0.0500
1566639752.0	0.0234			0.0500
1566639812.0	0.0234			0.0500
1566639872.0	0.0234			0.0500
1566639933.0	0.0234			0.0500
1566639993.0	0.0234			0.0500
1566640053.0	0.0234			0.0500
1566640113.0	0.0234			0.0500
1566640174.0	0.0234			0.0500
1566640234.0	0.0234			0.0500
1566640294.0	0.0234			0.0500
1566640354.0	0.0234			0.0500
1566640414.0	0.0234			0.0500
1566640475.0	0.0234			0.0500
1566640535.0	0.0234			0.0500
1566640595.0	0.0234			0.0500
1566640655.0	0.0234			0.0500
1566640716.0	0.0234			0.0500
1566640776.0	0.0234			0.0500
1566640836.0	0.0234			0.0500
1566640896.0	0.0234			0.0500
1566640956.0	0.0234			0.0500
1566641016.0	0.0234			0.0500
1566641077.0	0.0234			0.0500
1566641137.0	0.0234			0.0500
1566641197.0	0.0234			0.0500
1566641257.0	0.0234			0.0500
1566641317.0	0.0234			0.0500
1566641378.0	0.0234			0.0500
1566641438.0	0.0234			0.0500
1566641498.0	0.0234			0.0500
1566641558.0	0.0234			0.0500
1566641618.0	0.0234			0.0500
1566641678.0	0.0234			0.0499
1566641739.0	0.0234			0.0500
1566641799.0	0.0234			0.0500
1566641859.0	0.0234			0.0499
1566641919.0	0.0234			0.0500
1566641979.0	0.0234			0.0500
1566642039.0	0.0234			0.0500
1566642099.0	0.0234			0.0500
1566642160.0	0.0234			0.0500
1566642220.0	0.0234			0.0500
1566642280.0	0.0234			0.0500
1566642340.0	0.0234			0.0500
1566642401.0	0.0234			0.0500
1566642461.0	0.0234			0.0500
1566642521.0	0.0234			0.0500
1566642581.0	0.0234			0.0500
1566642641.0	0.0234			0.0500
1566642702.0	0.0234			0.0500
1566642762.0	0.0234			0.0500
1566642822.0	0.0234			0.0500
1566642882.0	0.0234			0.0500
1566642942.0	0.0234			0.0500
1566643003.0	0.0234			0.0500
1566643063.0	0.0234			0.0500
1566643123.0	0.0234			0.0500
1566643183.0	0.0234			0.0500
1566643243.0	0.0234			0.0500
1566643304.0	0.0234			0.0500
1566643364.0	0.0234			0.0500
1566643424.0	0.0234			0.0500
1566643484.0	0.0234			0.0500
1566643544.0	0.0234			0.0500
1566643605.0	0.0234			0.0500
1566643665.0	0.0234			0.0500
1566643725.0	0.0234			0.0500
1566643785.0	0.0234			0.0500
1566643845.0	0.0234			0.0500
1566643905.0	0.0234			0.0500
1566643966.0	0.0234			0.0500
1566644026.0	0.0234			0.0500
1566644086.0	0.0234			0.0500
1566644146.0	0.0234			0.0500
1566644206.0	0.0234			0.0500
1566644267.0	0.0234			0.0500
1566644327.0	0.0234			0.0500
1566644387.0	0.0234			0.0500
1566644447.0	0.0234			0.0504
1566644507.0	0.0231			0.0500
1566644567.0	0.0224			0.0501
1566644628.0	0.0221			0.0501
1566644688.0	0.0218			0.0499
1566644748.0	0.0216			0.0500
1566644808.0	0.0215			0.0500
1566644868.0	0.0214			0.0499
1566644928.0	0.0214			0.0500
1566644988.0	0.0213			0.0500
1566645049.0	0.0212			0.0499
1566645109.0	0.0212			0.0500
1566645169.0	0.0212			0.0500
1566645229.0	0.0212			0.0499
1566645289.0	0.0212			0.0500
1566645350.0	0.0211			0.0500
1566645410.0	0.0211			0.0499
1566645470.0	0.0212			0.0500
1566645530.0	0.0211			0.0500
1566645590.0	0.0212			0.0499
1566645650.0	0.0211			0.0500
1566645710.0	0.0211			0.0500
1566645770.0	0.0211			0.0500
1566645831.0	0.0211			0.0500
1566645891.0	0.0211			0.0500
1566645951.0	0.0211			0.0500
1566646011.0	0.0211			0.0500
1566646071.0	0.0211			0.0500
1566646131.0	0.0211			0.0500
1566646192.0	0.0212			0.0500
1566646252.0	0.0211			0.0500
1566646312.0	0.0212			0.0500
1566646372.0	0.0212			0.0500
1566646432.0	0.0212			0.0500
1566646492.0	0.0212			0.0500
1566646553.0	0.0212			0.0500
1566646613.0	0.0212			0.0500
1566646673.0	0.0212			0.0500
1566646734.0	0.0211			0.0500
1566646794.0	0.0212			0.0500
1566646854.0	0.0212			0.0500
1566646914.0	0.0212			0.0501
1566646974.0	0.0212			0.0500
1566647035.0	0.0212			0.0500
1566647095.0	0.0212			0.0501
1566647155.0	0.0212			0.0499
1566647215.0	0.0212			0.0500
1566647275.0	0.0212			0.0500
1566647336.0	0.0212			0.0499
1566647396.0	0.0212			0.0500
1566647456.0	0.0212			0.0500
1566647516.0	0.0212			0.0500
1566647576.0	0.0212			0.0500
1566647637.0	0.0212			0.0500
1566647697.0	0.0212			0.0500
1566647757.0	0.0212			0.0500
1566647817.0	0.0211			0.0500
1566647877.0	0.0211			0.0499
1566647938.0	0.0212			0.0500
1566647998.0	0.0211			0.0500
1566648058.0	0.0212			0.0499
1566648118.0	0.0211			0.0500
1566648178.0	0.0211			0.0500
1566648238.0	0.0211			0.0499
1566648299.0	0.0212			0.0500
1566648359.0	0.0211			0.0500
1566648419.0	0.0211			0.0499
1566648479.0	0.0211			0.0500
1566648539.0	0.0211			0.0500
1566648599.0	0.0211			0.0499
1566648660.0	0.0211			0.0500
1566648720.0	0.0211			0.0500
1566648780.0	0.0211			0.0499
1566648840.0	0.0211			0.0500
1566648900.0	0.0211			0.0500
1566648960.0	0.0211			0.0499
1566649020.0	0.0211			0.0500
1566649080.0	0.0211			0.0500
1566649141.0	0.0211			0.0499
1566649201.0	0.0211			0.0500
1566649261.0	0.0211			0.0500
1566649321.0	0.0211			0.0500
1566649381.0	0.0211			0.0500
1566649441.0	0.0211			0.0500
1566649502.0	0.0211			0.0500
1566649562.0	0.0211			0.0499
1566649622.0	0.0211			0.0500
1566649682.0	0.0211			0.0500
1566649742.0	0.0211			0.0500
1566649802.0	0.0211			0.0500
1566649862.0	0.0211			0.0500
1566649923.0	0.0211			0.0500
1566649983.0	0.0211			0.0500
1566650043.0	0.0211			0.0500
1566650103.0	0.0211			0.0500
1566650163.0	0.0211			0.0500
1566650223.0	0.0211			0.0501
1566650284.0	0.0211			0.0500
1566650344.0	0.0211			0.0500
1566650404.0	0.0211			0.0500
1566650464.0	0.0211			0.0500
1566650524.0	0.0211			0.0500
1566650585.0	0.0211			0.0501
1566650645.0	0.0211			0.0501
1566650705.0	0.0211			0.0499
1566650765.0	0.0211			0.0500
1566650825.0	0.0211			0.0501
1566650885.0	0.0211			0.0500
1566650945.0	0.0211			0.0500
1566651006.0	0.0211			0.0500
1566651066.0	0.0211			0.0500
1566651126.0	0.0211			0.0500
1566651186.0	0.0211			0.0501
1566651246.0	0.0211			0.0499
1566651306.0	0.0211			0.0500
1566651367.0	0.0211			0.0501
1566651427.0	0.0211			0.0499
1566651487.0	0.0211			0.0500
1566651547.0	0.0211			0.0500
1566651607.0	0.0211			0.0499
1566651668.0	0.0211			0.0500
1566651728.0	0.0211			0.0500
1566651788.0	0.0211			0.0499
1566651848.0	0.0211			0.0500
1566651908.0	0.0211			0.0500
1566651968.0	0.0211			0.0499
1566652029.0	0.0211			0.0500
1566652089.0	0.0211			0.0500
1566652149.0	0.0211			0.0499
1566652209.0	0.0211			0.0500
1566652269.0	0.0211			0.0500
1566652329.0	0.0211			0.0499
1566652389.0	0.0211			0.0501
1566652450.0	0.0211			0.0500
1566652510.0	0.0211			0.0499
1566652570.0	0.0211			0.0500
1566652630.0	0.0211			0.0500
1566652690.0	0.0211			0.0500
1566652750.0	0.0211			0.0500
1566652811.0	0.0211			0.0500
1566652871.0	0.0211			0.0500
1566652931.0	0.0211			0.0500
1566652991.0	0.0211			0.0500
1566653051.0	0.0211			0.0500
1566653111.0	0.0211			0.0500
1566653172.0	0.0211			0.0500
1566653232.0	0.0211			0.0500
1566653292.0	0.0211			0.0500
1566653352.0	0.0211			0.0500
1566653413.0	0.0211			0.0501
1566653473.0	0.0211			0.0500
1566653533.0	0.0211			0.0500
1566653593.0	0.0211			0.0500
1566653653.0	0.0211			0.0500
1566653713.0	0.0211			0.0499
1566653774.0	0.0211			0.0500
1566653834.0	0.0211			0.0501
1566653894.0	0.0211			0.0500
1566653954.0	0.0211			0.0501
1566654014.0	0.0211			0.0500
1566654074.0	0.0211			0.0500
1566654135.0	0.0211			0.0500
1566654195.0	0.0211			0.0500
1566654255.0	0.0211			0.0500
1566654315.0	0.0210			0.0500
1566654375.0	0.0211			0.0500
1566654436.0	0.0211			0.0500
1566654496.0	0.0211			0.0500
1566654556.0	0.0211			0.0500
1566654616.0	0.0211			0.0499
1566654676.0	0.0211			0.0500
1566654736.0	0.0211			0.0501
1566654797.0	0.0211			0.0499
1566654857.0	0.0211			0.0500
1566654917.0	0.0211			0.0501
1566654977.0	0.0211			0.0499
1566655038.0	0.0211			0.0500
1566655098.0	0.0211			0.0500
1566655158.0	0.0211			0.0499
1566655218.0	0.0211			0.0500
1566655279.0	0.0211			0.0501
1566655339.0	0.0211			0.0499
1566655399.0	0.0211			0.0500
1566655459.0	0.0211			0.0500
1566655520.0	0.0211			0.0499
1566655580.0	0.0211			0.0500
1566655640.0	0.0211			0.0500
1566655700.0	0.0211			0.0499
1566655760.0	0.0211			0.0500
1566655821.0	0.0211			0.0500
1566655881.0	0.0211			0.0499
1566655941.0	0.0211			0.0500
1566656001.0	0.0211			0.0500
1566656062.0	0.0211			0.0499
1566656122.0	0.0211			0.0500
1566656182.0	0.0211			0.0500
1566656242.0	0.0211			0.0499
1566656302.0	0.0211			0.0500
1566656362.0	0.0211			0.0500
1566656423.0	0.0211			0.0499
1566656483.0	0.0211			0.0500
1566656543.0	0.0211			0.0500
1566656603.0	0.0211			0.0500
1566656663.0	0.0211			0.0500
1566656723.0	0.0211			0.0500
1566656784.0	0.0211			0.0500
1566656844.0	0.0211			0.0500
1566656904.0	0.0211			0.0500
1566656964.0	0.0211			0.0501
1566657024.0	0.0211			0.0500
1566657084.0	0.0211			0.0500
1566657144.0	0.0211			0.0500
1566657205.0	0.0211			0.0500
1566657265.0	0.0211			0.0500
1566657325.0	0.0211			0.0500
1566657385.0	0.0211			0.0500
1566657446.0	0.0211			0.0500
1566657506.0	0.0211			0.0500
1566657566.0	0.0211			0.0500
1566657626.0	0.0211			0.0500
1566657686.0	0.0211			0.0500
1566657746.0	0.0211			0.0500
1566657807.0	0.0211			0.0500
1566657867.0	0.0211			0.0500
1566657927.0	0.0211			0.0501
1566657987.0	0.0211			0.0500
1566658048.0	0.0211			0.0500
1566658108.0	0.0211			0.0501
1566658168.0	0.0211			0.0499
1566658228.0	0.0211			0.0500
1566658288.0	0.0211			0.0500
1566658348.0	0.0211			0.0500
1566658409.0	0.0211			0.0501
1566658469.0	0.0211			0.0500
1566658529.0	0.0211			0.0500
1566658589.0	0.0211			0.0500
1566658649.0	0.0211			0.0501
1566658709.0	0.0211			0.0499
1566658770.0	0.0211			0.0500
1566658830.0	0.0211			0.0500
1566658890.0	0.0211			0.0499
1566658950.0	0.0211			0.0500
1566659010.0	0.0211			0.0500
1566659070.0	0.0211			0.0499
1566659131.0	0.0211			0.0500
1566659191.0	0.0211			0.0500
1566659251.0	0.0211			0.0499
1566659311.0	0.0211			0.0500
1566659371.0	0.0211			0.0500
1566659432.0	0.0211			0.0499
1566659492.0	0.0211			0.0500
1566659552.0	0.0211			0.0500
1566659612.0	0.0211			0.0499
1566659672.0	0.0211			0.0500
1566659733.0	0.0211			0.0500
1566659793.0	0.0211			0.0499
1566659853.0	0.0211			0.0500
1566659913.0	0.0211			0.0500
1566659973.0	0.0211			0.0499
1566660033.0	0.0211			0.0500
1566660093.0	0.0211			0.0500
1566660154.0	0.0211			0.0499
1566660214.0	0.0211			0.0500
1566660274.0	0.0211			0.0500
1566660334.0	0.0211			0.0500
1566660394.0	0.0211			0.0500
1566660454.0	0.0211			0.0500
1566660515.0	0.0212			0.0500
1566660575.0	0.0211			0.0500
1566660635.0	0.0211			0.0500
1566660695.0	0.0211			0.0500
1566660755.0	0.0211			0.0500
1566660815.0	0.0211			0.0500
1566660876.0	0.0211			0.0500
1566660936.0	0.0211			0.0500
1566660996.0	0.0211			0.0500
1566661056.0	0.0211			0.0500
1566661116.0	0.0212			0.0501
1566661177.0	0.0212			0.0500
1566661237.0	0.0211			0.0500
1566661297.0	0.0212			0.0500
1566661357.0	0.0211			0.0500
1566661417.0	0.0211			0.0501
1566661477.0	0.0211			0.0500
1566661537.0	0.0211			0.0500
1566661598.0	0.0211			0.0500
1566661658.0	0.0211			0.0500
1566661718.0	0.0211			0.0500
1566661778.0	0.0211			0.0500
1566661838.0	0.0211			0.0500
1566661899.0	0.0211			0.0500
1566661959.0	0.0211			0.0500
1566662019.0	0.0211			0.0500
1566662079.0	0.0211			0.0500
1566662139.0	0.0211			0.0500
1566662200.0	0.0211			0.0501
1566662260.0	0.0211			0.0500
1566662320.0	0.0211			0.0500
1566662380.0	0.0211			0.0501
1566662440.0	0.0211			0.0499
1566662501.0	0.0211			0.0500
1566662561.0	0.0211			0.0501
1566662621.0	0.0211			0.0499
1566662681.0	0.0211			0.0500
1566662741.0	0.0211			0.0500
1566662802.0	0.0211			0.0499
1566662862.0	0.0211			0.0500
1566662922.0	0.0211			0.0500
1566662982.0	0.0211			0.0499
1566663042.0	0.0211			0.0500
1566663102.0	0.0211			0.0500
1566663162.0	0.0211			0.0499
1566663223.0	0.0211			0.0500
1566663283.0	0.0211			0.0500
1566663343.0	0.0211			0.0499
1566663403.0	0.0211			0.0500
1566663463.0	0.0211			0.0501
1566663523.0	0.0211			0.0499
1566663584.0	0.0211			0.0500
1566663644.0	0.0211			0.0501
1566663704.0	0.0211			0.0500
1566663764.0	0.0211			0.0500
1566663824.0	0.0211			0.0500
1566663884.0	0.0211			0.0500
1566663944.0	0.0211			0.0500
1566664005.0	0.0211			0.0500
1566664065.0	0.0211			0.0500
1566664125.0	0.0211			0.0500
1566664185.0	0.0211			0.0500
1566664245.0	0.0211			0.0500
1566664305.0	0.0211			0.0500
1566664366.0	0.0211			0.0500
1566664426.0	0.0211			0.0500
1566664486.0	0.0211			0.0500
1566664546.0	0.0211			0.0500
1566664607.0	0.0211			0.0500
1566664667.0	0.0211			0.0500
1566664727.0	0.0211			0.0500
1566664787.0	0.0211			0.0500
1566664847.0	0.0211			0.0500
1566664907.0	0.0211			0.0500
1566664968.0	0.0211			0.0500
1566665028.0	0.0211			0.0501
1566665088.0	0.0211			0.0500
1566665148.0	0.0211			0.0501
1566665208.0	0.0211			0.0500
1566665269.0	0.0211			0.0499
1566665329.0	0.0211			0.0500
1566665389.0	0.0211			0.0500
1566665449.0	0.0211			0.0500
1566665509.0	0.0211			0.0500
1566665570.0	0.0211			0.0500
1566665630.0	0.0211			0.0500
1566665690.0	0.0211			0.0500
1566665750.0	0.0211			0.0501
1566665810.0	0.0211			0.0499
1566665871.0	0.0211			0.0500
1566665931.0	0.0211			0.0500
1566665991.0	0.0211			0.0499
1566666051.0	0.0211			0.0500
1566666111.0	0.0211			0.0500
1566666172.0	0.0211			0.0499
1566666232.0	0.0211			0.0500
1566666292.0	0.0211			0.0500
1566666352.0	0.0211			0.0499
1566666412.0	0.0211			0.0500
1566666473.0	0.0211			0.0500
1566666533.0	0.0211			0.0499
1566666593.0	0.0211			0.0500
1566666653.0	0.0211			0.0500
1566666713.0	0.0211			0.0499
1566666774.0	0.0211			0.0500
1566666834.0	0.0211			0.0500
1566666894.0	0.0211			0.0499
1566666954.0	0.0211			0.0500
1566667014.0	0.0211			0.0501
1566667075.0	0.0211			0.0499
1566667135.0	0.0211			0.0500
1566667195.0	0.0211			0.0500
1566667255.0	0.0211			0.0499
1566667315.0	0.0211			0.0500
1566667376.0	0.0211			0.0500
1566667436.0	0.0211			0.0499
1566667496.0	0.0211			0.0500
1566667556.0	0.0211			0.0500
1566667616.0	0.0211			0.0500
1566667677.0	0.0211			0.0500
1566667737.0	0.0211			0.0500
1566667797.0	0.0211			0.0500
1566667857.0	0.0211			0.0500
1566667917.0	0.0211			0.0500
1566667978.0	0.0211			0.0500
1566668038.0	0.0211			0.0500
1566668098.0	0.0211			0.0500
1566668158.0	0.0211			0.0501
1566668218.0	0.0211			0.0500
1566668279.0	0.0211			0.0500
1566668339.0	0.0211			0.0500
1566668399.0	0.0211			0.0500
1566668459.0	0.0211			0.0500
1566668519.0	0.0211			0.0500
1566668579.0	0.0211			0.0500
1566668639.0	0.0211			0.0500
1566668700.0	0.0211			0.0500
1566668760.0	0.0211			0.0500
1566668820.0	0.0211			0.0499
1566668880.0	0.0211			0.0500
1566668940.0	0.0211			0.0500
1566669000.0	0.0211			0.0500
1566669061.0	0.0211			0.0500
1566669121.0	0.0211			0.0500
1566669181.0	0.0211			0.0500
1566669241.0	0.0211			0.0500
1566669301.0	0.0211			0.0500
1566669362.0	0.0211			0.0500
1566669422.0	0.0211			0.0500
1566669482.0	0.0211			0.0500
1566669542.0	0.0211			0.0500
1566669602.0	0.0211			0.0500
1566669663.0	0.0211			0.0500
1566669723.0	0.0211			0.0499
1566669783.0	0.0211			0.0500
1566669843.0	0.0211			0.0501
1566669904.0	0.0211			0.0500
1566669964.0	0.0211			0.0500
1566670024.0	0.0211			0.0501
1566670084.0	0.0211			0.0499
1566670144.0	0.0211			0.0500
1566670204.0	0.0211			0.0500
1566670264.0	0.0211			0.0499
1566670324.0	0.0211			0.0500
1566670385.0	0.0211			0.0500
1566670445.0	0.0211			0.0499
1566670505.0	0.0211			0.0500
1566670565.0	0.0211			0.0500
1566670625.0	0.0211			0.0499
1566670686.0	0.0211			0.0500
1566670746.0	0.0211			0.0500
1566670806.0	0.0211			0.0499
1566670866.0	0.0211			0.0500
1566670926.0	0.0211			0.0500
1566670987.0	0.0211			0.0500
1566671047.0	0.0211			0.0500
1566671107.0	0.0211			0.0500
1566671167.0	0.0211			0.0500
1566671228.0	0.0211			0.0500
1566671288.0	0.0211			0.0500
1566671348.0	0.0211			0.0500
1566671408.0	0.0211			0.0500
1566671468.0	0.0211			0.0500
1566671528.0	0.0211			0.0501
1566671589.0	0.0211			0.0500
1566671649.0	0.0211			0.0500
1566671709.0	0.0211			0.0501
1566671769.0	0.0211			0.0500
1566671829.0	0.0211			0.0500
1566671889.0	0.0211			0.0500
1566671949.0	0.0211			0.0500
1566672010.0	0.0211			0.0500
1566672070.0	0.0211			0.0500
1566672130.0	0.0211			0.0500
1566672190.0	0.0211			0.0500
1566672250.0	0.0211			0.0500
1566672310.0	0.0211			0.0500
1566672371.0	0.0211			0.0500
1566672431.0	0.0211			0.0500
1566672491.0	0.0211			0.0500
1566672551.0	0.0211			0.0500
1566672612.0	0.0211			0.0500
1566672672.0	0.0211			0.0501
1566672732.0	0.0211			0.0499
1566672792.0	0.0211			0.0500
1566672852.0	0.0211			0.0500
1566672912.0	0.0211			0.0500
1566672972.0	0.0211			0.0499
1566673033.0	0.0212			0.0500
1566673093.0	0.0212			0.0500
1566673153.0	0.0212			0.0500
1566673213.0	0.0212			0.0501
1566673273.0	0.0212			0.0499
1566673333.0	0.0211			0.0500
1566673393.0	0.0211			0.0500
1566673454.0	0.0211			0.0499
1566673514.0	0.0211			0.0500
1566673574.0	0.0211			0.0500
1566673634.0	0.0211			0.0499
1566673694.0	0.0211			0.0500
1566673754.0	0.0211			0.0500
1566673815.0	0.0211			0.0499
1566673875.0	0.0211			0.0500
1566673935.0	0.0211			0.0500
1566673995.0	0.0211			0.0499
1566674055.0	0.0211			0.0500
1566674116.0	0.0211			0.0500
1566674176.0	0.0211			0.0499
1566674236.0	0.0211			0.0500
1566674296.0	0.0211			0.0501
1566674356.0	0.0211			0.0499
1566674417.0	0.0211			0.0500
1566674477.0	0.0211			0.0501
1566674537.0	0.0211			0.0499
1566674597.0	0.0211			0.0500
1566674657.0	0.0211			0.0500
1566674717.0	0.0211			0.0500
1566674778.0	0.0211			0.0500
1566674838.0	0.0211			0.0500
1566674898.0	0.0211			0.0500
1566674958.0	0.0211			0.0500
1566675018.0	0.0211			0.0500
1566675078.0	0.0211			0.0500
1566675138.0	0.0211			0.0500
1566675198.0	0.0211			0.0500
1566675259.0	0.0211			0.0501
1566675319.0	0.0211			0.0500
1566675379.0	0.0211			0.0500
1566675439.0	0.0211			0.0500
1566675500.0	0.0211			0.0500
1566675560.0	0.0211			0.0500
1566675620.0	0.0211			0.0500
1566675680.0	0.0211			0.0500
1566675741.0	0.0211			0.0500
1566675801.0	0.0211			0.0500
1566675861.0	0.0211			0.0501
1566675921.0	0.0211			0.0500
1566675981.0	0.0211			0.0501
1566676041.0	0.0211			0.0500
1566676102.0	0.0211			0.0499
1566676162.0	0.0211			0.0500
1566676222.0	0.0211			0.0500
1566676282.0	0.0211			0.0500
1566676342.0	0.0211			0.0500
1566676403.0	0.0211			0.0501
1566676463.0	0.0211			0.0500
1566676523.0	0.0211			0.0500
1566676583.0	0.0211			0.0500
1566676643.0	0.0210			0.0500
1566676703.0	0.0211			0.0500
1566676764.0	0.0211			0.0501
1566676824.0	0.0211			0.0500
1566676884.0	0.0211			0.0500
1566676944.0	0.0211			0.0501
1566677004.0	0.0210			0.0499
1566677064.0	0.0211			0.0500
1566677125.0	0.0211			0.0501
1566677185.0	0.0211			0.0499
1566677245.0	0.0211			0.0500
1566677305.0	0.0211			0.0500
1566677365.0	0.0211			0.0499
1566677425.0	0.0211			0.0500
1566677486.0	0.0210			0.0500
1566677545.0	0.0210			0.0499
1566677606.0	0.0211			0.0500
1566677666.0	0.0210			0.0500
1566677726.0	0.0210			0.0499
1566677787.0	0.0210			0.0500
1566677847.0	0.0210			0.0501
1566677907.0	0.0210			0.0499
1566677967.0	0.0210			0.0500
1566678027.0	0.0210			0.0500
1566678087.0	0.0210			0.0499
1566678147.0	0.0210			0.0500
1566678208.0	0.0211			0.0500
1566678268.0	0.0210			0.0499
1566678328.0	0.0210			0.0500
1566678388.0	0.0210			0.0500
1566678449.0	0.0210			0.0499
1566678509.0	0.0210			0.0500
1566678569.0	0.0210			0.0500
1566678629.0	0.0210			0.0500
1566678689.0	0.0211			0.0500
1566678750.0	0.0210			0.0500
1566678810.0	0.0210			0.0500
1566678870.0	0.0210			0.0500
1566678930.0	0.0210			0.0500
1566678990.0	0.0210			0.0500
1566679051.0	0.0210			0.0500
1566679111.0	0.0210			0.0500
1566679171.0	0.0210			0.0501
1566679231.0	0.0210			0.0500
1566679291.0	0.0210			0.0500
1566679351.0	0.0210			0.0500
1566679412.0	0.0210			0.0500
1566679472.0	0.0210			0.0500
1566679532.0	0.0210			0.0500
1566679592.0	0.0210			0.0501
1566679652.0	0.0210			0.0500
1566679712.0	0.0210			0.0500
1566679773.0	0.0210			0.0501
1566679833.0	0.0210			0.0500
1566679893.0	0.0210			0.0500
1566679953.0	0.0210			0.0500
1566680013.0	0.0210			0.0500
1566680073.0	0.0210			0.0500
1566680133.0	0.0210			0.0501
1566680194.0	0.0210			0.0500
1566680254.0	0.0210			0.0500
1566680314.0	0.0210			0.0500
1566680374.0	0.0210			0.0500
1566680434.0	0.0211			0.0500
1566680494.0	0.0211			0.0500
1566680554.0	0.0211			0.0499
1566680614.0	0.0211			0.0500
1566680675.0	0.0210			0.0500
1566680735.0	0.0210			0.0499
1566680795.0	0.0210			0.0500
1566680855.0	0.0210			0.0500
1566680915.0	0.0211			0.0499
1566680976.0	0.0211			0.0500
1566681036.0	0.0210			0.0500
1566681096.0	0.0210			0.0499
1566681156.0	0.0210			0.0500
1566681216.0	0.0210			0.0500
1566681277.0	0.0210			0.0499
1566681337.0	0.0211			0.0500
1566681397.0	0.0211			0.0500
1566681457.0	0.0211			0.0499
1566681517.0	0.0211			0.0500
1566681578.0	0.0211			0.0500
1566681638.0	0.0211			0.0499
1566681698.0	0.0211			0.0501
1566681758.0	0.0211			0.0500
1566681819.0	0.0211			0.0499
1566681879.0	0.0211			0.0500
1566681939.0	0.0210			0.0500
1566681999.0	0.0211			0.0500
1566682059.0	0.0210			0.0500
1566682119.0	0.0211			0.0500
1566682180.0	0.0211			0.0500
1566682240.0	0.0211			0.0500
1566682300.0	0.0210			0.0500
1566682360.0	0.0211			0.0500
1566682420.0	0.0211			0.0500
1566682480.0	0.0211			0.0500
1566682540.0	0.0212			0.0500
1566682601.0	0.0213			0.0500
1566682661.0	0.0214			0.0500
1566682721.0	0.0215			0.0500
1566682781.0	0.0215			0.0500
1566682841.0	0.0215			0.0500
1566682901.0	0.0216			0.0500
1566682961.0	0.0216			0.0500
1566683022.0	0.0216			0.0500
1566683082.0	0.0216			0.0500
1566683142.0	0.0216			0.0500
1566683202.0	0.0216			0.0500
1566683262.0	0.0216			0.0500
1566683322.0	0.0216			0.0500
1566683382.0	0.0216			0.0500
1566683443.0	0.0216			0.0500
1566683503.0	0.0216			0.0500
1566683563.0	0.0216			0.0500
1566683623.0	0.0216			0.0500
1566683683.0	0.0216			0.0501
1566683744.0	0.0215			0.0500
1566683804.0	0.0215			0.0500
1566683864.0	0.0215			0.0500
1566683924.0	0.0215			0.0499
1566683984.0	0.0215			0.0500
1566684044.0	0.0215			0.0500
1566684104.0	0.0215			0.0499
1566684165.0	0.0215			0.0500
1566684225.0	0.0215			0.0500
1566684285.0	0.0215			0.0499
1566684345.0	0.0215			0.0500
1566684405.0	0.0215			0.0500
1566684465.0	0.0215			0.0499
1566684526.0	0.0215			0.0500
1566684586.0	0.0215			0.0500
1566684646.0	0.0215			0.0499
1566684706.0	0.0215			0.0500
1566684766.0	0.0215			0.0501
1566684826.0	0.0215			0.0499
1566684887.0	0.0215			0.0500
1566684947.0	0.0215			0.0500
1566685007.0	0.0215			0.0499
1566685067.0	0.0215			0.0500
1566685127.0	0.0215			0.0500
1566685188.0	0.0215			0.0499
1566685248.0	0.0215			0.0500
1566685308.0	0.0216			0.0500
1566685368.0	0.0216			0.0500
1566685428.0	0.0216			0.0500
1566685488.0	0.0227			0.0502
1566685549.0	0.0241			0.0502
1566685609.0	0.0262			0.0500
1566685669.0	0.0271			0.0500
1566685729.0	0.0295			0.0501
1566685789.0	0.0303			0.0501
1566685849.0	0.0312			0.0502
1566685909.0	0.0331			0.0502
1566685969.0	0.0339			0.0502
1566686029.0	0.0352			0.0501
1566686090.0	0.0359			0.0502
1566686150.0	0.0372			0.0502
1566686210.0	0.0378			0.0502
1566686270.0	0.0382			0.0502
1566686330.0	0.0393			0.0528
1566686391.0	0.0422			0.0486
1566686451.0	0.0381			0.0497
1566686511.0	0.0384			0.0501
1566687052.0	0.1951			0.1832
1566687112.0	0.1932			0.1802
1566687172.0	0.1878			0.1772
1566687232.0	0.1858			0.1743
1566687293.0	0.1812			0.1716
1566687353.0	0.1789			0.1688
1566687413.0	0.1744			0.1660
1566687473.0	0.1721			0.1635
1566687534.0	0.1697			0.1606
1566687594.0	0.1654			0.1574
1566687654.0	0.1625			0.1540
1566687714.0	0.1573			0.1507
1566687774.0	0.1549			0.1478
1566687834.0	0.1496			0.1445
1566687895.0	0.1476			0.1418
1566687955.0	0.1455			0.1394
1566688015.0	0.1414			0.1369
1566688075.0	0.1395			0.1347
1566688135.0	0.1361			0.1327
1566688195.0	0.1346			0.1311
1566688255.0	0.1347			0.1320
1566688315.0	0.1364			0.1344
1566688375.0	0.1407			0.1434
1566688436.0	0.1590			0.1560
1566688496.0	0.1688			0.1681
1566688556.0	0.1965			0.1848
1566688616.0	0.1985			0.1929
