Date:	2019-04-19
Section:	Servo

Timestamps	Bluefors Temp. (K)	Lakeshore Temp. (K)

1556034511.0	0.0333			0.0501
1556034571.0	0.0333			0.0501
1556034631.0	0.0333			0.0499
1556034691.0	0.0333			0.0501
1556034751.0	0.0334			0.0499
1556034811.0	0.0334			0.0500
1556034871.0	0.0334			0.0501
1556034931.0	0.0334			0.0501
1556035172.0	0.0353			0.0549
1556035232.0	0.0354			0.0551
1556035352.0	0.0355			0.0549
1556035413.0	0.0355			0.0547
1556035473.0	0.0356			0.0552
1556035533.0	0.0356			0.0550
1556035593.0	0.0356			0.0551
1556035653.0	0.0356			0.0549
1556035894.0	0.0374			0.0602
1556035954.0	0.0375			0.0602
1556036014.0	0.0376			0.0596
1556036074.0	0.0376			0.0600
1556036194.0	0.0377			0.0600
1556036254.0	0.0378			0.0601
1556036314.0	0.0378			0.0599
1556036375.0	0.0378			0.0600
1556036615.0	0.0397			0.0652
1556036675.0	0.0398			0.0650
1556036735.0	0.0398			0.0652
1556036796.0	0.0399			0.0654
1556036856.0	0.0399			0.0648
1556036916.0	0.0399			0.0651
1556037036.0	0.0400			0.0651
1556037096.0	0.0400			0.0649
1556037337.0	0.0420			0.0698
1556037397.0	0.0422			0.0700
1556037457.0	0.0422			0.0704
1556037517.0	0.0423			0.0702
1556037577.0	0.0423			0.0698
1556037637.0	0.0423			0.0699
1556037697.0	0.0424			0.0703
1556037757.0	0.0423			0.0698
1556038058.0	0.0445			0.0752
1556038118.0	0.0446			0.0750
1556038178.0	0.0447			0.0745
1556038238.0	0.0447			0.0748
1556038298.0	0.0447			0.0752
1556038359.0	0.0448			0.0749
1556038419.0	0.0447			0.0752
1556038479.0	0.0447			0.0748
1556038719.0	0.0470			0.0801
1556038779.0	0.0472			0.0798
1556038900.0	0.0474			0.0794
1556038960.0	0.0474			0.0799
1556039020.0	0.0474			0.0800
1556039080.0	0.0475			0.0799
1556039140.0	0.0475			0.0801
1556039200.0	0.0475			0.0800
1556039441.0	0.0498			0.0853
1556039501.0	0.0500			0.0853
1556039561.0	0.0501			0.0847
1556039622.0	0.0501			0.0854
1556039742.0	0.0502			0.0850
1556039802.0	0.0503			0.0852
1556039862.0	0.0503			0.0848
1556039922.0	0.0503			0.0850
1556040162.0	0.0528			0.0897
1556040223.0	0.0530			0.0899
1556040283.0	0.0531			0.0905
1556040343.0	0.0531			0.0899
1556040403.0	0.0532			0.0899
1556040463.0	0.0532			0.0902
1556040583.0	0.0532			0.0901
1556040643.0	0.0532			0.0898
1556040884.0	0.0557			0.0948
1556040944.0	0.0558			0.0952
1556041004.0	0.0558			0.0953
1556041064.0	0.0559			0.0955
1556041124.0	0.0559			0.0949
1556041185.0	0.0560			0.0949
1556041245.0	0.0560			0.0949
1556041305.0	0.0560			0.0950
1556041605.0	0.0586			0.1000
1556041666.0	0.0587			0.1000
1556042748.0	0.0336			0.0501
1556042808.0	0.0336			0.0501
1556042929.0	0.0336			0.0501
1556042989.0	0.0335			0.0497
1556043049.0	0.0336			0.0500
1556043109.0	0.0336			0.0501
1556043169.0	0.0336			0.0499
1556043229.0	0.0337			0.0501
1556043470.0	0.0355			0.0551
1556043530.0	0.0356			0.0549
1556043590.0	0.0357			0.0549
1556043650.0	0.0357			0.0553
1556043770.0	0.0358			0.0549
1556043831.0	0.0358			0.0551
1556043891.0	0.0358			0.0549
1556043951.0	0.0359			0.0549
1556044191.0	0.0376			0.0600
1556044251.0	0.0378			0.0602
1556044312.0	0.0378			0.0600
1556044372.0	0.0378			0.0605
1556044432.0	0.0378			0.0601
1556044492.0	0.0379			0.0600
1556044612.0	0.0379			0.0602
1556044672.0	0.0379			0.0598
1556044913.0	0.0399			0.0649
1556044973.0	0.0400			0.0653
1556045033.0	0.0400			0.0650
1556045093.0	0.0400			0.0650
1556045153.0	0.0401			0.0649
1556045213.0	0.0401			0.0649
1556045274.0	0.0401			0.0651
1556045334.0	0.0402			0.0651
1556045634.0	0.0422			0.0701
1556045695.0	0.0423			0.0700
1556045755.0	0.0423			0.0699
1556045815.0	0.0424			0.0702
1556045875.0	0.0424			0.0701
1556045935.0	0.0424			0.0701
1556045995.0	0.0424			0.0699
1556046055.0	0.0425			0.0703
1556046296.0	0.0445			0.0752
1556046356.0	0.0446			0.0751
1556046476.0	0.0448			0.0752
1556046536.0	0.0448			0.0752
1556046596.0	0.0449			0.0750
1556046656.0	0.0449			0.0748
1556046716.0	0.0449			0.0749
1556046777.0	0.0449			0.0751
1556047017.0	0.0472			0.0802
1556047077.0	0.0474			0.0803
1556047137.0	0.0475			0.0803
1556047197.0	0.0476			0.0798
1556047318.0	0.0476			0.0800
1556047378.0	0.0476			0.0799
1556047438.0	0.0476			0.0801
1556047498.0	0.0477			0.0799
1556047738.0	0.0500			0.0849
1556047799.0	0.0502			0.0849
1556047859.0	0.0503			0.0855
1556047919.0	0.0504			0.0852
1556047979.0	0.0504			0.0851
1556048039.0	0.0505			0.0850
1556048159.0	0.0504			0.0850
1556048219.0	0.0505			0.0848
1556048460.0	0.0531			0.0903
1556048520.0	0.0532			0.0901
1556048580.0	0.0533			0.0902
1556048640.0	0.0533			0.0899
1556048700.0	0.0533			0.0902
1556048760.0	0.0533			0.0900
1556048821.0	0.0533			0.0901
1556048881.0	0.0533			0.0902
1556049181.0	0.0558			0.0950
1556049241.0	0.0559			0.0950
1556049301.0	0.0559			0.0952
1556049362.0	0.0560			0.0939
1556049422.0	0.0560			0.0949
1556049482.0	0.0560			0.0948
1556049542.0	0.0560			0.0949
1556049602.0	0.0561			0.0952
1556049903.0	0.0586			0.1000
1556049963.0	0.0587			0.1000
1556050023.0	0.0588			0.1000
1556050083.0	0.0589			0.1000
1556050143.0	0.0589			0.1000
1556050203.0	0.0589			0.1000
1556050263.0	0.0590			0.1000
1556050323.0	0.0589			0.1000
1556050564.0	0.0615			0.1050
1556050624.0	0.0616			0.1050
1556050684.0	0.0618			0.1050
1556050744.0	0.0618			0.1049
1556050804.0	0.0618			0.1050
1556050865.0	0.0619			0.1050
1556050925.0	0.0619			0.1050
1556050985.0	0.0619			0.1050
1556051045.0	0.0619			0.1050
1556051286.0	0.0642			0.1100
1556051346.0	0.0644			0.1100
1556051406.0	0.0645			0.1101
1556051466.0	0.0645			0.1100
1556051526.0	0.0645			0.1100
1556051586.0	0.0645			0.1100
1556051706.0	0.0646			0.1099
1556051767.0	0.0645			0.1100
1556052007.0	0.0670			0.1150
1556052067.0	0.0671			0.1150
1556052127.0	0.0673			0.1151
1556052187.0	0.0673			0.1150
1556052248.0	0.0674			0.1150
1556052308.0	0.0674			0.1150
1556052368.0	0.0674			0.1150
1556052428.0	0.0674			0.1150
1556052729.0	0.0697			0.1200
1556052789.0	0.0699			0.1200
1556052849.0	0.0699			0.1200
1556052909.0	0.0699			0.1199
1556052969.0	0.0701			0.1200
1556053029.0	0.0700			0.1200
1556053089.0	0.0700			0.1200
1556053149.0	0.0701			0.1200
1556053450.0	0.0726			0.1250
1556053510.0	0.0727			0.1249
1556053570.0	0.0727			0.1250
1556053630.0	0.0728			0.1250
1556053690.0	0.0729			0.1250
1556053750.0	0.0728			0.1250
1556053811.0	0.0728			0.1250
1556053871.0	0.0728			0.1250
1556054111.0	0.0751			0.1300
1556054171.0	0.0753			0.1300
1556054291.0	0.0755			0.1300
1556054351.0	0.0755			0.1300
1556054412.0	0.0756			0.1300
1556054472.0	0.0756			0.1300
1556054532.0	0.0756			0.1300
1556054592.0	0.0755			0.1300
1556054833.0	0.0779			0.1350
1556054893.0	0.0782			0.1350
1556054953.0	0.0782			0.1350
1556055013.0	0.0782			0.1350
1556055073.0	0.0784			0.1350
1556055133.0	0.0784			0.1350
1556055254.0	0.0784			0.1350
1556055314.0	0.0784			0.1350
1556055554.0	0.0807			0.1400
1556055614.0	0.0809			0.1400
1556055674.0	0.0810			0.1399
1556055735.0	0.0811			0.1401
1556055795.0	0.0811			0.1401
1556055855.0	0.0811			0.1400
1556055915.0	0.0812			0.1400
1556055975.0	0.0811			0.1400
1556056275.0	0.0837			0.1450
1556056335.0	0.0839			0.1450
1556056396.0	0.0839			0.1450
1556056456.0	0.0840			0.1449
1556056516.0	0.0841			0.1450
1556056576.0	0.0841			0.1449
1556056636.0	0.0841			0.1450
1556056696.0	0.0841			0.1450
1556056997.0	0.0865			0.1501
1556057057.0	0.0866			0.1499
1556057117.0	0.0868			0.1499
1556057177.0	0.0868			0.1501
1556057237.0	0.0868			0.1500
1556057297.0	0.0869			0.1500
1556057357.0	0.0869			0.1500
1556057417.0	0.0868			0.1500
1556057658.0	0.0893			0.1550
1556057718.0	0.0894			0.1549
1556057778.0	0.0895			0.1552
1556057838.0	0.0897			0.1551
1556057898.0	0.0897			0.1551
1556057958.0	0.0897			0.1551
1556058018.0	0.0896			0.1551
1556058078.0	0.0896			0.1551
1556058138.0	0.0897			0.1550
1556058379.0	0.0923			0.1601
1556058439.0	0.0924			0.1600
1556058499.0	0.0926			0.1602
1556058559.0	0.0926			0.1600
1556058620.0	0.0926			0.1599
1556058680.0	0.0926			0.1600
1556058800.0	0.0927			0.1601
1556058860.0	0.0927			0.1599
1556059100.0	0.0951			0.1650
1556059160.0	0.0954			0.1650
1556059221.0	0.0955			0.1648
1556059281.0	0.0956			0.1649
1556059341.0	0.0955			0.1650
1556059401.0	0.0956			0.1650
1556059461.0	0.0955			0.1650
1556059521.0	0.0956			0.1649
1556059822.0	0.0982			0.1700
1556059882.0	0.0984			0.1701
1556059942.0	0.0985			0.1699
1556060002.0	0.0985			0.1699
1556060062.0	0.0985			0.1701
1556060122.0	0.0985			0.1700
1556060182.0	0.0985			0.1700
1556060242.0	0.0986			0.1700
1556060543.0	0.1012			0.1750
1556060603.0	0.1013			0.1749
1556060663.0	0.1014			0.1748
1556060723.0	0.1015			0.1750
1556060783.0	0.1014			0.1750
1556060843.0	0.1016			0.1751
1556060904.0	0.1016			0.1750
1556060964.0	0.1017			0.1750
1556061204.0	0.1043			0.1800
1556061264.0	0.1045			0.1801
1556061325.0	0.1046			0.1800
1556061385.0	0.1046			0.1798
1556061505.0	0.1047			0.1800
1556061565.0	0.1048			0.1800
1556061625.0	0.1047			0.1801
1556061685.0	0.1048			0.1799
1556061926.0	0.1074			0.1850
1556061986.0	0.1077			0.1850
1556062046.0	0.1077			0.1850
1556062106.0	0.1078			0.1849
1556062166.0	0.1079			0.1850
1556062226.0	0.1078			0.1850
1556062346.0	0.1079			0.1850
1556062406.0	0.1080			0.1850
1556062647.0	0.1106			0.1900
1556062707.0	0.1109			0.1900
1556062767.0	0.1109			0.1901
1556062827.0	0.1110			0.1898
1556062887.0	0.1111			0.1901
1556062947.0	0.1112			0.1899
1556063007.0	0.1112			0.1900
1556063067.0	0.1112			0.1900
1556063368.0	0.1139			0.1951
1556063428.0	0.1140			0.1949
1556063488.0	0.1142			0.1950
1556063548.0	0.1144			0.1950
1556063608.0	0.1144			0.1949
1556063668.0	0.1143			0.1949
1556063729.0	0.1144			0.1950
1556063789.0	0.1144			0.1949
1556064089.0	0.1172			0.1999
1556064149.0	0.1173			0.1999
1556064209.0	0.1174			0.1998
1556064269.0	0.1175			0.1999
1556064330.0	0.1176			0.1999
1556064390.0	0.1176			0.1999
1556064450.0	0.1177			0.1999
1556064510.0	0.1177			0.1999
